accel 2.255523681640625 -0.196136474609375 8.4337158203125
gyro 0.0106048583984375 0.0912017822265625 0.51239013671875
accel 2.1182403564453125 -0.058837890625 6.6489105224609375
gyro 0.032379150390625 0.0903778076171875 0.6205291748046875
accel 2.1182403564453125 -0.058837890625 6.6489105224609375
gyro 0.032379150390625 0.0903778076171875 0.6205291748046875
accel 2.1182403564453125 -0.058837890625 6.6489105224609375
gyro 0.0627288818359375 -0.103851318359375 1.11328125
accel 1.3533172607421875 0 4.844482421875
gyro 0.0627288818359375 -0.103851318359375 1.11328125
accel 1.3533172607421875 0 4.844482421875
gyro 0.0627288818359375 -0.103851318359375 1.11328125
accel 1.3533172607421875 0 4.844482421875
gyro 0.0627288818359375 -0.103851318359375 1.11328125
accel 1.3533172607421875 0 4.844482421875
gyro 0.0181427001953125 -0.017730712890625 0.9377593994140625
accel 1.3533172607421875 0 4.844482421875
gyro 0.0181427001953125 -0.017730712890625 0.9377593994140625
accel 1.2681884765625 -0.2257232666015625 6.411529541015625
gyro 0.0181427001953125 -0.017730712890625 0.9377593994140625
accel 1.2681884765625 -0.2257232666015625 6.411529541015625
gyro 0.0706634521484375 0.1771087646484375 0.8638458251953125
accel 1.2681884765625 -0.2257232666015625 6.411529541015625
gyro 0.0706634521484375 0.1771087646484375 0.8638458251953125
accel 1.340850830078125 -0.3484039306640625 8.6815185546875
gyro 0.0706634521484375 0.1771087646484375 0.8638458251953125
accel 1.340850830078125 -0.3484039306640625 8.6815185546875
gyro 0.154754638671875 0.2939910888671875 0.7801513671875
accel 1.340850830078125 -0.3484039306640625 8.6815185546875
gyro 0.154754638671875 0.2939910888671875 0.7801513671875
accel 1.340850830078125 -0.3484039306640625 8.6815185546875
gyro 0.154754638671875 0.2939910888671875 0.7801513671875
accel 1.381683349609375 -0.4861602783203125 9.50238037109375
gyro 0.154754638671875 0.2939910888671875 0.7801513671875
accel 1.381683349609375 -0.4861602783203125 9.50238037109375
gyro 0.1767578125 0.3723907470703125 0.726806640625
accel 1.381683349609375 -0.4861602783203125 9.50238037109375
gyro 0.1767578125 0.3723907470703125 0.726806640625
accel 1.4116668701171875 -0.4741363525390625 10.460647583007812
gyro 0.1767578125 0.3723907470703125 0.726806640625
accel 1.4116668701171875 -0.4741363525390625 10.460647583007812
gyro 0.3172454833984375 0.5039215087890625 0.371490478515625
accel 1.4116668701171875 -0.4741363525390625 10.460647583007812
gyro 0.3172454833984375 0.5039215087890625 0.371490478515625
accel 0.0319671630859375 -1.0243682861328125 11.106277465820312
gyro 0.3172454833984375 0.5039215087890625 0.371490478515625
accel 0.0319671630859375 -1.0243682861328125 11.106277465820312
gyro 0.176544189453125 0.4544525146484375 1.4753265380859375
accel 0.0319671630859375 -1.0243682861328125 11.106277465820312
gyro 0.176544189453125 0.4544525146484375 1.4753265380859375
accel 1.9734954833984375 -1.1220855712890625 11.753997802734375
gyro 0.176544189453125 0.4544525146484375 1.4753265380859375
accel 1.9734954833984375 -1.1220855712890625 11.753997802734375
gyro 0.176544189453125 0.4544525146484375 1.4753265380859375
accel 1.9734954833984375 -1.1220855712890625 11.753997802734375
gyro 0.2353973388671875 0.308868408203125 0.996002197265625
accel 1.9734954833984375 -1.1220855712890625 11.753997802734375
gyro 0.2353973388671875 0.308868408203125 0.996002197265625
accel 0.940887451171875 -1.1573944091796875 11.44598388671875
gyro 0.2353973388671875 0.308868408203125 0.996002197265625
accel 0.940887451171875 -1.1573944091796875 11.44598388671875
gyro 0.154144287109375 0.193817138671875 1.117767333984375
accel 0.940887451171875 -1.1573944091796875 11.44598388671875
gyro 0.154144287109375 0.193817138671875 1.117767333984375
accel 1.3354034423828125 -1.2417449951171875 11.389511108398438
gyro 0.154144287109375 0.193817138671875 1.117767333984375
accel 1.3354034423828125 -1.2417449951171875 11.389511108398438
gyro 0.1763458251953125 0.095458984375 0.923309326171875
accel 1.3354034423828125 -1.2417449951171875 11.389511108398438
gyro 0.1763458251953125 0.095458984375 0.923309326171875
accel 0.885528564453125 -1.416412353515625 10.408065795898438
gyro 0.1763458251953125 0.095458984375 0.923309326171875
accel 0.885528564453125 -1.416412353515625 10.408065795898438
gyro 0.1763458251953125 0.095458984375 0.923309326171875
accel 0.885528564453125 -1.416412353515625 10.408065795898438
gyro 0.0828857421875 0.0724639892578125 0.84307861328125
accel 0.885528564453125 -1.416412353515625 10.408065795898438
gyro 0.0828857421875 0.0724639892578125 0.84307861328125
accel 1.0825042724609375 -1.173858642578125 10.147994995117188
gyro 0.0828857421875 0.0724639892578125 0.84307861328125
accel 1.0825042724609375 -1.173858642578125 10.147994995117188
gyro -0.002838134765625 0.0850830078125 0.670806884765625
accel 1.0825042724609375 -1.173858642578125 10.147994995117188
gyro -0.002838134765625 0.0850830078125 0.670806884765625
accel 1.3375396728515625 -0.7512359619140625 9.993850708007812
gyro -0.002838134765625 0.0850830078125 0.670806884765625
accel 1.3375396728515625 -0.7512359619140625 9.993850708007812
gyro 0.0897979736328125 0.05902099609375 -0.0406036376953125
accel 1.3375396728515625 -0.7512359619140625 9.993850708007812
gyro 0.0897979736328125 0.05902099609375 -0.0406036376953125
accel 0.2289886474609375 -0.8061981201171875 9.988876342773438
gyro 0.0897979736328125 0.05902099609375 -0.0406036376953125
accel 0.2289886474609375 -0.8061981201171875 9.988876342773438
gyro 0.0897979736328125 0.05902099609375 -0.0406036376953125
accel 0.2289886474609375 -0.8061981201171875 9.988876342773438
gyro 0.0116119384765625 0.0001678466796875 0.5016021728515625
accel 0.2289886474609375 -0.8061981201171875 9.988876342773438
gyro 0.0116119384765625 0.0001678466796875 0.5016021728515625
accel 0.2289886474609375 -0.8061981201171875 9.988876342773438
gyro 0.0116119384765625 0.0001678466796875 0.5016021728515625
accel 0.712127685546875 -0.83953857421875 9.777496337890625
gyro 0.0252532958984375 -0.043182373046875 0.31854248046875
accel 0.712127685546875 -0.83953857421875 9.777496337890625
gyro 0.0252532958984375 -0.043182373046875 0.31854248046875
accel 0.7709808349609375 -0.564178466796875 8.784591674804688
gyro 0.0252532958984375 -0.043182373046875 0.31854248046875
accel 0.7709808349609375 -0.564178466796875 8.784591674804688
gyro 0.0179290771484375 -0.0295257568359375 0.127960205078125
accel 0.7709808349609375 -0.564178466796875 8.784591674804688
gyro 0.0179290771484375 -0.0295257568359375 0.127960205078125
accel 0.6926727294921875 -0.207916259765625 9.299453735351562
gyro 0.0179290771484375 -0.0295257568359375 0.127960205078125
accel 0.6926727294921875 -0.207916259765625 9.299453735351562
gyro 0.0179290771484375 -0.0295257568359375 0.127960205078125
accel 0.6926727294921875 -0.207916259765625 9.299453735351562
gyro 0.078399658203125 -0.0399169921875 -0.154632568359375
accel 0.6926727294921875 -0.207916259765625 9.299453735351562
gyro 0.078399658203125 -0.0399169921875 -0.154632568359375
accel 0.1767120361328125 -0.126312255859375 9.072402954101562
gyro 0.078399658203125 -0.0399169921875 -0.154632568359375
accel 0.1767120361328125 -0.126312255859375 9.072402954101562
gyro 0.0655670166015625 0.0445556640625 0.0450897216796875
accel 0.1767120361328125 -0.126312255859375 9.072402954101562
gyro 0.0655670166015625 0.0445556640625 0.0450897216796875
accel 0.5562896728515625 -0.33551025390625 9.5413818359375
gyro 0.0655670166015625 0.0445556640625 0.0450897216796875
accel 0.5562896728515625 -0.33551025390625 9.5413818359375
gyro 0.05743408203125 0.06512451171875 -0.104949951171875
accel 0.5562896728515625 -0.33551025390625 9.5413818359375
gyro 0.05743408203125 0.06512451171875 -0.104949951171875
accel 0.30987548828125 -0.3582763671875 9.693038940429688
gyro 0.05743408203125 0.06512451171875 -0.104949951171875
accel 0.30987548828125 -0.3582763671875 9.693038940429688
gyro 0.05743408203125 0.06512451171875 -0.104949951171875
accel 0.30987548828125 -0.3582763671875 9.693038940429688
gyro 0.0067291259765625 0.081207275390625 0.0320587158203125
accel 0.30987548828125 -0.3582763671875 9.693038940429688
gyro 0.0067291259765625 0.081207275390625 0.0320587158203125
accel 0.4751739501953125 -0.3349456787109375 9.343002319335938
gyro 0.0067291259765625 0.081207275390625 0.0320587158203125
accel 0.4751739501953125 -0.3349456787109375 9.343002319335938
gyro -0.0276641845703125 0.084869384765625 0.0341033935546875
accel 0.4751739501953125 -0.3349456787109375 9.343002319335938
gyro -0.0276641845703125 0.084869384765625 0.0341033935546875
accel 0.4751739501953125 -0.3349456787109375 9.343002319335938
gyro -0.0276641845703125 0.084869384765625 0.0341033935546875
accel 0.9425201416015625 -0.3383331298828125 9.635772705078125
gyro -0.016876220703125 0.1070709228515625 -0.130615234375
accel 0.9425201416015625 -0.3383331298828125 9.635772705078125
gyro -0.016876220703125 0.1070709228515625 -0.130615234375
accel 0.9425201416015625 -0.3383331298828125 9.635772705078125
gyro -0.016876220703125 0.1070709228515625 -0.130615234375
accel 0.447174072265625 -0.143310546875 9.9808349609375
gyro -0.016876220703125 0.1070709228515625 -0.130615234375
accel 0.447174072265625 -0.143310546875 9.9808349609375
gyro -0.0977020263671875 0.0282745361328125 0.2735443115234375
accel 0.447174072265625 -0.143310546875 9.9808349609375
gyro -0.0977020263671875 0.0282745361328125 0.2735443115234375
accel 1.3044586181640625 -0.1201171875 9.8056640625
gyro -0.0977020263671875 0.0282745361328125 0.2735443115234375
accel 1.3044586181640625 -0.1201171875 9.8056640625
gyro -0.0178985595703125 -0.0533599853515625 -0.1102447509765625
accel 1.3044586181640625 -0.1201171875 9.8056640625
gyro -0.0178985595703125 -0.0533599853515625 -0.1102447509765625
accel 1.3044586181640625 -0.1201171875 9.8056640625
gyro -0.0178985595703125 -0.0533599853515625 -0.1102447509765625
accel 0.6114501953125 -0.2063751220703125 9.229598999023438
gyro -0.0036468505859375 -0.0649566650390625 -0.0387725830078125
accel 0.6114501953125 -0.2063751220703125 9.229598999023438
gyro -0.0036468505859375 -0.0649566650390625 -0.0387725830078125
accel 0.6114501953125 -0.2063751220703125 9.229598999023438
gyro -0.0036468505859375 -0.0649566650390625 -0.0387725830078125
accel 0.216094970703125 -0.1334991455078125 9.166839599609375
gyro -0.0036468505859375 -0.0649566650390625 -0.0387725830078125
accel 0.216094970703125 -0.1334991455078125 9.166839599609375
gyro -0.009765625 -0.0346221923828125 0.0841827392578125
accel 0.1377410888671875 -0.1720123291015625 9.395431518554688
gyro -0.009765625 -0.0346221923828125 0.0841827392578125
accel 0.1377410888671875 -0.1720123291015625 9.395431518554688
gyro -0.009765625 -0.0346221923828125 0.0841827392578125
accel 0.1377410888671875 -0.1720123291015625 9.395431518554688
gyro 0.0067291259765625 0.00933837890625 0.0229034423828125
accel 0.1377410888671875 -0.1720123291015625 9.395431518554688
gyro 0.0067291259765625 0.00933837890625 0.0229034423828125
accel 0.1377410888671875 -0.1720123291015625 9.395431518554688
gyro 0.0067291259765625 0.00933837890625 0.0229034423828125
accel 0.0572509765625 -0.3571014404296875 9.290725708007812
gyro -0.0199127197265625 0.0349884033203125 0.06707763671875
accel 0.0572509765625 -0.3571014404296875 9.290725708007812
gyro -0.0199127197265625 0.0349884033203125 0.06707763671875
accel 0.0572509765625 -0.3571014404296875 9.290725708007812
gyro -0.0199127197265625 0.0349884033203125 0.06707763671875
accel 0.1961669921875 -0.4744873046875 9.200042724609375
gyro -0.0199127197265625 0.0349884033203125 0.06707763671875
accel 0.1961669921875 -0.4744873046875 9.200042724609375
gyro -0.0323333740234375 0.0698089599609375 -0.022491455078125
accel 0.1961669921875 -0.4744873046875 9.200042724609375
gyro -0.0323333740234375 0.0698089599609375 -0.022491455078125
accel 0.20538330078125 -0.433135986328125 9.310165405273438
gyro -0.0323333740234375 0.0698089599609375 -0.022491455078125
accel 0.20538330078125 -0.433135986328125 9.310165405273438
gyro -0.0490264892578125 0.0936279296875 -0.0153656005859375
accel 0.20538330078125 -0.433135986328125 9.310165405273438
gyro -0.0490264892578125 0.0936279296875 -0.0153656005859375
accel 0.20538330078125 -0.433135986328125 9.310165405273438
gyro -0.0490264892578125 0.0936279296875 -0.0153656005859375
accel 0.28924560546875 -0.237213134765625 9.340301513671875
gyro -0.049652099609375 0.0785675048828125 -0.0387725830078125
accel 0.28924560546875 -0.237213134765625 9.340301513671875
gyro -0.049652099609375 0.0785675048828125 -0.0387725830078125
accel 0.28924560546875 -0.237213134765625 9.340301513671875
gyro -0.049652099609375 0.0785675048828125 -0.0387725830078125
accel 0.3524322509765625 -0.052154541015625 9.256332397460938
gyro -0.049652099609375 0.0785675048828125 -0.0387725830078125
accel 0.3524322509765625 -0.052154541015625 9.256332397460938
gyro -0.01605224609375 0.067169189453125 -0.0062103271484375
accel 0.3524322509765625 -0.052154541015625 9.256332397460938
gyro -0.01605224609375 0.067169189453125 -0.0062103271484375
accel 0.203369140625 -0.1240997314453125 9.223358154296875
gyro -0.01605224609375 0.067169189453125 -0.0062103271484375
accel 0.203369140625 -0.1240997314453125 9.223358154296875
gyro -0.0091552734375 0.073883056640625 0.0188140869140625
accel 0.203369140625 -0.1240997314453125 9.223358154296875
gyro -0.0091552734375 0.073883056640625 0.0188140869140625
accel 0.0496978759765625 -0.2359466552734375 9.004837036132812
gyro -0.0091552734375 0.073883056640625 0.0188140869140625
accel 0.0496978759765625 -0.2359466552734375 9.004837036132812
gyro -0.0443572998046875 0.10565185546875 0.0475311279296875
accel 0.0496978759765625 -0.2359466552734375 9.004837036132812
gyro -0.0443572998046875 0.10565185546875 0.0475311279296875
accel 0.0496978759765625 -0.2359466552734375 9.004837036132812
gyro -0.0443572998046875 0.10565185546875 0.0475311279296875
accel 0.0641632080078125 0.0943603515625 9.16851806640625
gyro -0.0443572998046875 0.10565185546875 0.0475311279296875
accel 0.0641632080078125 0.0943603515625 9.16851806640625
gyro -0.11724853515625 0.1306915283203125 -0.1035308837890625
accel 0.0641632080078125 0.0943603515625 9.16851806640625
gyro -0.11724853515625 0.1306915283203125 -0.1035308837890625
accel 0.109832763671875 0.9143829345703125 9.442184448242188
gyro -0.11724853515625 0.1306915283203125 -0.1035308837890625
accel 0.109832763671875 0.9143829345703125 9.442184448242188
gyro -0.0561676025390625 0.1795501708984375 -0.3360595703125
accel 0.109832763671875 0.9143829345703125 9.442184448242188
gyro -0.0561676025390625 0.1795501708984375 -0.3360595703125
accel -0.296905517578125 2.0110015869140625 9.796188354492188
gyro -0.0561676025390625 0.1795501708984375 -0.3360595703125
accel -0.296905517578125 2.0110015869140625 9.796188354492188
gyro 0.068634033203125 0.298675537109375 -0.3299560546875
accel -0.296905517578125 2.0110015869140625 9.796188354492188
gyro 0.068634033203125 0.298675537109375 -0.3299560546875
accel -0.296905517578125 2.0110015869140625 9.796188354492188
gyro 0.068634033203125 0.298675537109375 -0.3299560546875
accel -0.3853912353515625 3.15087890625 10.411605834960938
gyro 0.068634033203125 0.298675537109375 -0.3299560546875
accel -0.3853912353515625 3.15087890625 10.411605834960938
gyro 0.2488250732421875 0.348358154296875 -0.494476318359375
accel -0.3853912353515625 3.15087890625 10.411605834960938
gyro 0.2488250732421875 0.348358154296875 -0.494476318359375
accel -0.6964263916015625 4.2590484619140625 10.688796997070312
gyro 0.2488250732421875 0.348358154296875 -0.494476318359375
accel -0.6964263916015625 4.2590484619140625 10.688796997070312
gyro 0.504791259765625 0.3791046142578125 -0.31304931640625
accel -0.6964263916015625 4.2590484619140625 10.688796997070312
gyro 0.504791259765625 0.3791046142578125 -0.31304931640625
accel -1.146820068359375 5.119537353515625 10.8271484375
gyro 0.504791259765625 0.3791046142578125 -0.31304931640625
accel -1.146820068359375 5.119537353515625 10.8271484375
gyro 0.8385162353515625 0.35650634765625 0.4061126708984375
accel -1.146820068359375 5.119537353515625 10.8271484375
gyro 0.8385162353515625 0.35650634765625 0.4061126708984375
accel -1.146820068359375 5.119537353515625 10.8271484375
gyro 0.8385162353515625 0.35650634765625 0.4061126708984375
accel -1.0256195068359375 5.2716064453125 11.25250244140625
gyro 0.8385162353515625 0.35650634765625 0.4061126708984375
accel -1.0256195068359375 5.2716064453125 11.25250244140625
gyro 1.163299560546875 0.29888916015625 0.5531158447265625
accel -1.0256195068359375 5.2716064453125 11.25250244140625
gyro 1.163299560546875 0.29888916015625 0.5531158447265625
accel -1.17864990234375 4.3326568603515625 11.615692138671875
gyro 1.163299560546875 0.29888916015625 0.5531158447265625
accel -1.17864990234375 4.3326568603515625 11.615692138671875
gyro 1.3671112060546875 0.1923828125 0.6166534423828125
accel -1.17864990234375 4.3326568603515625 11.615692138671875
gyro 1.3671112060546875 0.1923828125 0.6166534423828125
accel -1.489593505859375 3.5216217041015625 11.544586181640625
gyro 1.3671112060546875 0.1923828125 0.6166534423828125
accel -1.489593505859375 3.5216217041015625 11.544586181640625
gyro 1.4654693603515625 0.16937255859375 0.58447265625
accel -1.489593505859375 3.5216217041015625 11.544586181640625
gyro 1.4654693603515625 0.16937255859375 0.58447265625
accel -1.489593505859375 3.5216217041015625 11.544586181640625
gyro 1.4654693603515625 0.16937255859375 0.58447265625
accel -1.501678466796875 2.72174072265625 10.988784790039062
gyro 1.4654693603515625 0.16937255859375 0.58447265625
accel -1.501678466796875 2.72174072265625 10.988784790039062
gyro 1.4754486083984375 0.1353759765625 0.716217041015625
accel -1.501678466796875 2.72174072265625 10.988784790039062
gyro 1.4754486083984375 0.1353759765625 0.716217041015625
accel -1.0028533935546875 1.699066162109375 10.037826538085938
gyro 1.4754486083984375 0.1353759765625 0.716217041015625
accel -1.0028533935546875 1.699066162109375 10.037826538085938
gyro 1.3567352294921875 0.1021881103515625 0.682220458984375
accel -1.0028533935546875 1.699066162109375 10.037826538085938
gyro 1.3567352294921875 0.1021881103515625 0.682220458984375
accel -0.805938720703125 0.7267913818359375 8.889236450195312
gyro 1.3567352294921875 0.1021881103515625 0.682220458984375
accel -0.805938720703125 0.7267913818359375 8.889236450195312
gyro 1.0093536376953125 0.0085296630859375 0.7251739501953125
accel -0.805938720703125 0.7267913818359375 8.889236450195312
gyro 1.0093536376953125 0.0085296630859375 0.7251739501953125
accel -0.805938720703125 0.7267913818359375 8.889236450195312
gyro 1.0093536376953125 0.0085296630859375 0.7251739501953125
accel -0.0170135498046875 0.267852783203125 7.9804229736328125
gyro 1.0093536376953125 0.0085296630859375 0.7251739501953125
accel -0.0170135498046875 0.267852783203125 7.9804229736328125
gyro 0.644866943359375 -0.0370635986328125 0.2588958740234375
accel -0.0170135498046875 0.267852783203125 7.9804229736328125
gyro 0.644866943359375 -0.0370635986328125 0.2588958740234375
accel 0.02581787109375 0.5977935791015625 7.136199951171875
gyro 0.644866943359375 -0.0370635986328125 0.2588958740234375
accel 0.02581787109375 0.5977935791015625 7.136199951171875
gyro 0.26104736328125 -0.06658935546875 0.0654449462890625
accel 0.02581787109375 0.5977935791015625 7.136199951171875
gyro 0.26104736328125 -0.06658935546875 0.0654449462890625
accel -0.1192779541015625 1.1817474365234375 6.6373291015625
gyro 0.26104736328125 -0.06658935546875 0.0654449462890625
accel -0.1192779541015625 1.1817474365234375 6.6373291015625
gyro -0.00140380859375 -0.026275634765625 0.016387939453125
accel -0.1192779541015625 1.1817474365234375 6.6373291015625
gyro -0.00140380859375 -0.026275634765625 0.016387939453125
accel -0.0988616943359375 1.166839599609375 6.7588043212890625
gyro -0.00140380859375 -0.026275634765625 0.016387939453125
accel -0.0988616943359375 1.166839599609375 6.7588043212890625
gyro -0.00140380859375 -0.026275634765625 0.016387939453125
accel -0.0988616943359375 1.166839599609375 6.7588043212890625
gyro -0.2599945068359375 -0.0142822265625 -0.111053466796875
accel -0.0988616943359375 1.166839599609375 6.7588043212890625
gyro -0.2599945068359375 -0.0142822265625 -0.111053466796875
accel -0.214080810546875 1.06488037109375 7.004669189453125
gyro -0.2599945068359375 -0.0142822265625 -0.111053466796875
accel -0.214080810546875 1.06488037109375 7.004669189453125
gyro -0.4947509765625 0.047210693359375 -0.330963134765625
accel -0.214080810546875 1.06488037109375 7.004669189453125
gyro -0.4947509765625 0.047210693359375 -0.330963134765625
accel -0.4106903076171875 1.0722503662109375 7.7121124267578125
gyro -0.4947509765625 0.047210693359375 -0.330963134765625
accel -0.4106903076171875 1.0722503662109375 7.7121124267578125
gyro -0.7171173095703125 0.0630950927734375 -0.4439849853515625
accel -0.4106903076171875 1.0722503662109375 7.7121124267578125
gyro -0.7171173095703125 0.0630950927734375 -0.4439849853515625
accel -0.5360107421875 1.077850341796875 8.936233520507812
gyro -0.7171173095703125 0.0630950927734375 -0.4439849853515625
accel -0.5360107421875 1.077850341796875 8.936233520507812
gyro -0.7171173095703125 0.0630950927734375 -0.4439849853515625
accel -0.5360107421875 1.077850341796875 8.936233520507812
gyro -0.94781494140625 0.0362091064453125 -0.49896240234375
accel -0.5360107421875 1.077850341796875 8.936233520507812
gyro -0.94781494140625 0.0362091064453125 -0.49896240234375
accel -0.62933349609375 0.9037322998046875 9.717422485351562
gyro -0.94781494140625 0.0362091064453125 -0.49896240234375
accel -0.62933349609375 0.9037322998046875 9.717422485351562
gyro -1.155303955078125 0.0250091552734375 -0.5284881591796875
accel -0.62933349609375 0.9037322998046875 9.717422485351562
gyro -1.155303955078125 0.0250091552734375 -0.5284881591796875
accel -0.8267822265625 0.3187255859375 10.977081298828125
gyro -1.155303955078125 0.0250091552734375 -0.5284881591796875
accel -0.8267822265625 0.3187255859375 10.977081298828125
gyro -1.364013671875 -0.07696533203125 -0.5763397216796875
accel -0.8267822265625 0.3187255859375 10.977081298828125
gyro -1.364013671875 -0.07696533203125 -0.5763397216796875
accel -1.1966094970703125 -0.075103759765625 11.476211547851562
gyro -1.364013671875 -0.07696533203125 -0.5763397216796875
accel -1.1966094970703125 -0.075103759765625 11.476211547851562
gyro -1.364013671875 -0.07696533203125 -0.5763397216796875
accel -1.1966094970703125 -0.075103759765625 11.476211547851562
gyro -1.5776214599609375 -0.082672119140625 -0.50750732421875
accel -1.1966094970703125 -0.075103759765625 11.476211547851562
gyro -1.5776214599609375 -0.082672119140625 -0.50750732421875
accel -1.6462860107421875 -0.6334381103515625 12.185028076171875
gyro -1.5776214599609375 -0.082672119140625 -0.50750732421875
accel -1.6462860107421875 -0.6334381103515625 12.185028076171875
gyro -1.875518798828125 -0.087554931640625 -0.45965576171875
accel -1.6462860107421875 -0.6334381103515625 12.185028076171875
gyro -1.875518798828125 -0.087554931640625 -0.45965576171875
accel -1.6462860107421875 -0.6334381103515625 12.185028076171875
gyro -1.875518798828125 -0.087554931640625 -0.45965576171875
accel -1.543853759765625 -0.567047119140625 13.049606323242188
gyro -2.0471649169921875 -0.0446014404296875 -0.6618499755859375
accel -1.543853759765625 -0.567047119140625 13.049606323242188
gyro -2.0471649169921875 -0.0446014404296875 -0.6618499755859375
accel -1.17462158203125 0.0391998291015625 13.749679565429688
gyro -2.0471649169921875 -0.0446014404296875 -0.6618499755859375
accel -1.17462158203125 0.0391998291015625 13.749679565429688
gyro -2.0471649169921875 -0.0446014404296875 -0.6618499755859375
accel -1.17462158203125 0.0391998291015625 13.749679565429688
gyro -2.0781097412109375 -0.103851318359375 -1.001495361328125
accel -1.17462158203125 0.0391998291015625 13.749679565429688
gyro -2.0781097412109375 -0.103851318359375 -1.001495361328125
accel -1.17462158203125 0.0391998291015625 13.749679565429688
gyro -2.0781097412109375 -0.103851318359375 -1.001495361328125
accel -0.917205810546875 0.6628570556640625 14.084701538085938
gyro -1.889556884765625 -0.348602294921875 -0.8316802978515625
accel -0.917205810546875 0.6628570556640625 14.084701538085938
gyro -1.889556884765625 -0.348602294921875 -0.8316802978515625
accel -0.72515869140625 0.702789306640625 13.502853393554688
gyro -1.889556884765625 -0.348602294921875 -0.8316802978515625
accel -0.72515869140625 0.702789306640625 13.502853393554688
gyro -1.5967559814453125 -0.5308380126953125 -0.7728271484375
accel -0.72515869140625 0.702789306640625 13.502853393554688
gyro -1.5967559814453125 -0.5308380126953125 -0.7728271484375
accel -0.72515869140625 0.702789306640625 13.502853393554688
gyro -1.5967559814453125 -0.5308380126953125 -0.7728271484375
accel -1.40777587890625 -0.0580902099609375 11.469589233398438
gyro -1.5967559814453125 -0.5308380126953125 -0.7728271484375
accel -1.40777587890625 -0.0580902099609375 11.469589233398438
gyro -1.3153533935546875 -0.5483551025390625 -0.4391021728515625
accel -1.40777587890625 -0.0580902099609375 11.469589233398438
gyro -1.3153533935546875 -0.5483551025390625 -0.4391021728515625
accel -1.93560791015625 -0.591033935546875 10.091751098632812
gyro -1.3153533935546875 -0.5483551025390625 -0.4391021728515625
accel -1.93560791015625 -0.591033935546875 10.091751098632812
gyro -1.1856536865234375 -0.4105072021484375 0.034912109375
accel -1.93560791015625 -0.591033935546875 10.091751098632812
gyro -1.1856536865234375 -0.4105072021484375 0.034912109375
accel -1.93560791015625 -0.591033935546875 10.091751098632812
gyro -1.1856536865234375 -0.4105072021484375 0.034912109375
accel -1.387420654296875 -0.8117218017578125 8.99005126953125
gyro -0.8737030029296875 -0.188140869140625 -0.0387725830078125
accel -1.387420654296875 -0.8117218017578125 8.99005126953125
gyro -0.8737030029296875 -0.188140869140625 -0.0387725830078125
accel -1.387420654296875 -0.8117218017578125 8.99005126953125
gyro -0.8737030029296875 -0.188140869140625 -0.0387725830078125
accel -0.892791748046875 -0.94219970703125 7.940643310546875
gyro -0.8737030029296875 -0.188140869140625 -0.0387725830078125
accel -0.892791748046875 -0.94219970703125 7.940643310546875
gyro -0.5497283935546875 -0.014068603515625 -0.102508544921875
accel -0.892791748046875 -0.94219970703125 7.940643310546875
gyro -0.5497283935546875 -0.014068603515625 -0.102508544921875
accel -0.5681304931640625 -1.0688018798828125 7.5045623779296875
gyro -0.5497283935546875 -0.014068603515625 -0.102508544921875
accel -0.5681304931640625 -1.0688018798828125 7.5045623779296875
gyro -0.16265869140625 0.1089019775390625 0.0245208740234375
accel -0.5681304931640625 -1.0688018798828125 7.5045623779296875
gyro -0.16265869140625 0.1089019775390625 0.0245208740234375
accel -0.5681304931640625 -1.0688018798828125 7.5045623779296875
gyro -0.16265869140625 0.1089019775390625 0.0245208740234375
accel -0.27740478515625 -1.3871612548828125 7.4673004150390625
gyro 0.1390838623046875 0.149627685546875 0.3252716064453125
accel -0.27740478515625 -1.3871612548828125 7.4673004150390625
gyro 0.1390838623046875 0.149627685546875 0.3252716064453125
accel -0.27740478515625 -1.3871612548828125 7.4673004150390625
gyro 0.1390838623046875 0.149627685546875 0.3252716064453125
accel 0.2869720458984375 -1.9777679443359375 7.5355682373046875
gyro 0.1390838623046875 0.149627685546875 0.3252716064453125
accel 0.2869720458984375 -1.9777679443359375 7.5355682373046875
gyro 0.36163330078125 0.1400604248046875 0.3446044921875
accel 0.2869720458984375 -1.9777679443359375 7.5355682373046875
gyro 0.36163330078125 0.1400604248046875 0.3446044921875
accel 0.5229034423828125 -2.3813323974609375 7.94464111328125
gyro 0.36163330078125 0.1400604248046875 0.3446044921875
accel 0.5229034423828125 -2.3813323974609375 7.94464111328125
gyro 0.5257568359375 0.0936279296875 0.3252716064453125
accel 0.5229034423828125 -2.3813323974609375 7.94464111328125
gyro 0.5257568359375 0.0936279296875 0.3252716064453125
accel 0.5229034423828125 -2.3813323974609375 7.94464111328125
gyro 0.5257568359375 0.0936279296875 0.3252716064453125
accel 0.2351837158203125 -2.3751220703125 8.308929443359375
gyro 0.721435546875 0.121124267578125 0.2470703125
accel 0.2351837158203125 -2.3751220703125 8.308929443359375
gyro 0.721435546875 0.121124267578125 0.2470703125
accel 0.2351837158203125 -2.3751220703125 8.308929443359375
gyro 0.721435546875 0.121124267578125 0.2470703125
accel -0.081390380859375 -2.312774658203125 8.91754150390625
gyro 0.721435546875 0.121124267578125 0.2470703125
accel -0.081390380859375 -2.312774658203125 8.91754150390625
gyro 0.9183349609375 0.155120849609375 0.3128509521484375
accel -0.081390380859375 -2.312774658203125 8.91754150390625
gyro 0.9183349609375 0.155120849609375 0.3128509521484375
accel -0.2340850830078125 -2.683013916015625 9.6907958984375
gyro 0.9183349609375 0.155120849609375 0.3128509521484375
accel -0.2340850830078125 -2.683013916015625 9.6907958984375
gyro 1.121551513671875 0.1585845947265625 0.4824676513671875
accel -0.2340850830078125 -2.683013916015625 9.6907958984375
gyro 1.121551513671875 0.1585845947265625 0.4824676513671875
accel -0.2340850830078125 -2.683013916015625 9.6907958984375
gyro 1.121551513671875 0.1585845947265625 0.4824676513671875
accel 0.0606689453125 -3.2978668212890625 10.209716796875
gyro 1.2091064453125 0.100555419921875 0.341766357421875
accel 0.0606689453125 -3.2978668212890625 10.209716796875
gyro 1.2091064453125 0.100555419921875 0.341766357421875
accel 0.0606689453125 -3.2978668212890625 10.209716796875
gyro 1.2091064453125 0.100555419921875 0.341766357421875
accel 0.2979278564453125 -3.54058837890625 10.467376708984375
gyro 1.2091064453125 0.100555419921875 0.341766357421875
accel 0.2979278564453125 -3.54058837890625 10.467376708984375
gyro 1.215423583984375 0.101776123046875 0.132843017578125
accel 0.2979278564453125 -3.54058837890625 10.467376708984375
gyro 1.215423583984375 0.101776123046875 0.132843017578125
accel 0.0033111572265625 -3.581085205078125 10.677993774414062
gyro 1.215423583984375 0.101776123046875 0.132843017578125
accel 0.0033111572265625 -3.581085205078125 10.677993774414062
gyro 1.1468048095703125 0.064117431640625 0.250732421875
accel 0.0033111572265625 -3.581085205078125 10.677993774414062
gyro 1.1468048095703125 0.064117431640625 0.250732421875
accel -0.1049041748046875 -3.77471923828125 10.452377319335938
gyro 1.1468048095703125 0.064117431640625 0.250732421875
accel -0.1049041748046875 -3.77471923828125 10.452377319335938
gyro 0.991241455078125 -0.0016632080078125 0.37310791015625
accel -0.1049041748046875 -3.77471923828125 10.452377319335938
gyro 0.991241455078125 -0.0016632080078125 0.37310791015625
accel -0.1049041748046875 -3.77471923828125 10.452377319335938
gyro 0.991241455078125 -0.0016632080078125 0.37310791015625
accel -0.058837890625 -3.7291107177734375 10.220565795898438
gyro 0.991241455078125 -0.0016632080078125 0.37310791015625
accel -0.058837890625 -3.7291107177734375 10.220565795898438
gyro 0.7845611572265625 0.0022125244140625 0.1839599609375
accel -0.058837890625 -3.7291107177734375 10.220565795898438
gyro 0.7845611572265625 0.0022125244140625 0.1839599609375
accel -0.3541107177734375 -2.9921417236328125 9.883865356445312
gyro 0.7845611572265625 0.0022125244140625 0.1839599609375
accel -0.3541107177734375 -2.9921417236328125 9.883865356445312
gyro 0.54327392578125 -0.002685546875 0.3374786376953125
accel -0.3541107177734375 -2.9921417236328125 9.883865356445312
gyro 0.54327392578125 -0.002685546875 0.3374786376953125
accel -0.0283050537109375 -2.0459442138671875 9.793792724609375
gyro 0.54327392578125 -0.002685546875 0.3374786376953125
accel -0.0283050537109375 -2.0459442138671875 9.793792724609375
gyro 0.4298553466796875 -0.022216796875 0.2195892333984375
accel -0.0283050537109375 -2.0459442138671875 9.793792724609375
gyro 0.4298553466796875 -0.022216796875 0.2195892333984375
accel -0.0283050537109375 -2.0459442138671875 9.793792724609375
gyro 0.4298553466796875 -0.022216796875 0.2195892333984375
accel -0.2506561279296875 -1.4458465576171875 9.506820678710938
gyro 0.4298553466796875 -0.022216796875 0.2195892333984375
accel -0.2506561279296875 -1.4458465576171875 9.506820678710938
gyro 0.352874755859375 -0.031982421875 0.197601318359375
accel -0.2506561279296875 -1.4458465576171875 9.506820678710938
gyro 0.352874755859375 -0.031982421875 0.197601318359375
accel -0.338531494140625 -1.481781005859375 9.1217041015625
gyro 0.352874755859375 -0.031982421875 0.197601318359375
accel -0.338531494140625 -1.481781005859375 9.1217041015625
gyro 0.236419677734375 0.0028228759765625 0.2252960205078125
accel -0.338531494140625 -1.481781005859375 9.1217041015625
gyro 0.236419677734375 0.0028228759765625 0.2252960205078125
accel -0.290557861328125 -1.8425140380859375 9.051788330078125
gyro 0.236419677734375 0.0028228759765625 0.2252960205078125
accel -0.290557861328125 -1.8425140380859375 9.051788330078125
gyro 0.0305633544921875 0.0189056396484375 0.232208251953125
accel -0.290557861328125 -1.8425140380859375 9.051788330078125
gyro 0.0305633544921875 0.0189056396484375 0.232208251953125
accel -0.290557861328125 -1.8425140380859375 9.051788330078125
gyro 0.0305633544921875 0.0189056396484375 0.232208251953125
accel -0.08636474609375 -1.90399169921875 9.148651123046875
gyro 0.0305633544921875 0.0189056396484375 0.232208251953125
accel -0.08636474609375 -1.90399169921875 9.148651123046875
gyro -0.1516571044921875 0.0070953369140625 0.152587890625
accel -0.08636474609375 -1.90399169921875 9.148651123046875
gyro -0.1516571044921875 0.0070953369140625 0.152587890625
accel 0.0842742919921875 -1.287841796875 9.075363159179688
gyro -0.1516571044921875 0.0070953369140625 0.152587890625
accel 0.0842742919921875 -1.287841796875 9.075363159179688
gyro -0.379302978515625 0.0488433837890625 -0.0792999267578125
accel 0.0842742919921875 -1.287841796875 9.075363159179688
gyro -0.379302978515625 0.0488433837890625 -0.0792999267578125
accel -0.017486572265625 -0.676422119140625 9.425125122070312
gyro -0.379302978515625 0.0488433837890625 -0.0792999267578125
accel -0.017486572265625 -0.676422119140625 9.425125122070312
gyro -0.46380615234375 0.0058746337890625 -0.2784423828125
accel -0.017486572265625 -0.676422119140625 9.425125122070312
gyro -0.46380615234375 0.0058746337890625 -0.2784423828125
accel -0.017486572265625 -0.676422119140625 9.425125122070312
gyro -0.46380615234375 0.0058746337890625 -0.2784423828125
accel -0.3837127685546875 -0.09136962890625 9.575836181640625
gyro -0.46380615234375 0.0058746337890625 -0.2784423828125
accel -0.3837127685546875 -0.09136962890625 9.575836181640625
gyro -0.3782958984375 0.0197296142578125 -0.3053131103515625
accel -0.3837127685546875 -0.09136962890625 9.575836181640625
gyro -0.3782958984375 0.0197296142578125 -0.3053131103515625
accel -0.64324951171875 0.14263916015625 9.600250244140625
gyro -0.3782958984375 0.0197296142578125 -0.3053131103515625
accel -0.64324951171875 0.14263916015625 9.600250244140625
gyro -0.3033599853515625 0.0480194091796875 -0.1841583251953125
accel -0.64324951171875 0.14263916015625 9.600250244140625
gyro -0.3033599853515625 0.0480194091796875 -0.1841583251953125
accel -0.6945037841796875 0.2800750732421875 9.633926391601562
gyro -0.3033599853515625 0.0480194091796875 -0.1841583251953125
accel -0.6945037841796875 0.2800750732421875 9.633926391601562
gyro -0.2408447265625 0.0814208984375 -0.0210723876953125
accel -0.6945037841796875 0.2800750732421875 9.633926391601562
gyro -0.2408447265625 0.0814208984375 -0.0210723876953125
accel -0.6188201904296875 0.25958251953125 9.573348999023438
gyro -0.2408447265625 0.0814208984375 -0.0210723876953125
accel -0.6188201904296875 0.25958251953125 9.573348999023438
gyro -0.2408447265625 0.0814208984375 -0.0210723876953125
accel -0.6188201904296875 0.25958251953125 9.573348999023438
gyro -0.2003326416015625 0.06939697265625 0.1912841796875
accel -0.6188201904296875 0.25958251953125 9.573348999023438
gyro -0.2003326416015625 0.06939697265625 0.1912841796875
accel -0.103668212890625 0.097686767578125 9.61627197265625
gyro -0.2003326416015625 0.06939697265625 0.1912841796875
accel -0.103668212890625 0.097686767578125 9.61627197265625
gyro -0.1113433837890625 0.0549468994140625 -0.0308380126953125
accel -0.103668212890625 0.097686767578125 9.61627197265625
gyro -0.1113433837890625 0.0549468994140625 -0.0308380126953125
accel -0.0846405029296875 -0.1221923828125 9.501419067382812
gyro -0.1113433837890625 0.0549468994140625 -0.0308380126953125
accel -0.0846405029296875 -0.1221923828125 9.501419067382812
gyro -0.06817626953125 0.03662109375 -0.0029754638671875
accel -0.0846405029296875 -0.1221923828125 9.501419067382812
gyro -0.06817626953125 0.03662109375 -0.0029754638671875
accel -0.1452484130859375 -0.3631744384765625 9.446182250976562
gyro -0.06817626953125 0.03662109375 -0.0029754638671875
accel -0.1452484130859375 -0.3631744384765625 9.446182250976562
gyro -0.06817626953125 0.03662109375 -0.0029754638671875
accel -0.1452484130859375 -0.3631744384765625 9.446182250976562
gyro -0.048828125 0.029083251953125 -0.0318603515625
accel -0.1452484130859375 -0.3631744384765625 9.446182250976562
gyro -0.048828125 0.029083251953125 -0.0318603515625
accel -0.4106292724609375 -0.4504852294921875 9.312240600585938
gyro -0.048828125 0.029083251953125 -0.0318603515625
accel -0.4106292724609375 -0.4504852294921875 9.312240600585938
gyro -0.054534912109375 0.01605224609375 -0.0050048828125
accel -0.4106292724609375 -0.4504852294921875 9.312240600585938
gyro -0.054534912109375 0.01605224609375 -0.0050048828125
accel -0.0925750732421875 -0.29718017578125 9.432083129882812
gyro -0.054534912109375 0.01605224609375 -0.0050048828125
accel -0.0925750732421875 -0.29718017578125 9.432083129882812
gyro -0.0376434326171875 0.045166015625 -0.387786865234375
accel -0.0925750732421875 -0.29718017578125 9.432083129882812
gyro -0.0376434326171875 0.045166015625 -0.387786865234375
accel -0.1707000732421875 -0.5539703369140625 9.460098266601562
gyro -0.0376434326171875 0.045166015625 -0.387786865234375
accel -0.1707000732421875 -0.5539703369140625 9.460098266601562
gyro -0.0376434326171875 0.045166015625 -0.387786865234375
accel -0.1707000732421875 -0.5539703369140625 9.460098266601562
gyro -0.075103759765625 0.059417724609375 -0.1904754638671875
accel -0.1707000732421875 -0.5539703369140625 9.460098266601562
gyro -0.075103759765625 0.059417724609375 -0.1904754638671875
accel -0.4916229248046875 -0.73272705078125 9.39825439453125
gyro -0.075103759765625 0.059417724609375 -0.1904754638671875
accel -0.4916229248046875 -0.73272705078125 9.39825439453125
gyro -0.1758880615234375 0.022979736328125 0.258880615234375
accel -0.4916229248046875 -0.73272705078125 9.39825439453125
gyro -0.1758880615234375 0.022979736328125 0.258880615234375
accel 0.0866851806640625 -0.8167877197265625 9.360015869140625
gyro -0.1758880615234375 0.022979736328125 0.258880615234375
accel 0.0866851806640625 -0.8167877197265625 9.360015869140625
gyro -0.1353759765625 -0.02587890625 0.1666412353515625
accel 0.0866851806640625 -0.8167877197265625 9.360015869140625
gyro -0.1353759765625 -0.02587890625 0.1666412353515625
accel 0.0146026611328125 -0.887054443359375 8.993896484375
gyro -0.1353759765625 -0.02587890625 0.1666412353515625
accel 0.0146026611328125 -0.887054443359375 8.993896484375
gyro -0.1353759765625 -0.02587890625 0.1666412353515625
accel 0.0146026611328125 -0.887054443359375 8.993896484375
gyro -0.0417022705078125 -0.0215911865234375 0.084991455078125
accel 0.0146026611328125 -0.887054443359375 8.993896484375
gyro -0.0417022705078125 -0.0215911865234375 0.084991455078125
accel -0.26861572265625 -1.00396728515625 9.194137573242188
gyro -0.0417022705078125 -0.0215911865234375 0.084991455078125
accel -0.26861572265625 -1.00396728515625 9.194137573242188
gyro 0.02056884765625 -0.0069580078125 0.1157379150390625
accel -0.26861572265625 -1.00396728515625 9.194137573242188
gyro 0.02056884765625 -0.0069580078125 0.1157379150390625
accel -0.6511688232421875 -1.1410369873046875 9.239822387695312
gyro 0.02056884765625 -0.0069580078125 0.1157379150390625
accel -0.6511688232421875 -1.1410369873046875 9.239822387695312
gyro -0.004058837890625 0.0691986083984375 0.2765960693359375
accel -0.6511688232421875 -1.1410369873046875 9.239822387695312
gyro -0.004058837890625 0.0691986083984375 0.2765960693359375
accel -0.3670806884765625 -1.1142730712890625 9.526580810546875
gyro -0.004058837890625 0.0691986083984375 0.2765960693359375
accel -0.3670806884765625 -1.1142730712890625 9.526580810546875
gyro -0.004058837890625 0.0691986083984375 0.2765960693359375
accel -0.3670806884765625 -1.1142730712890625 9.526580810546875
gyro 0.01873779296875 0.0922088623046875 -0.0314483642578125
accel -0.3670806884765625 -1.1142730712890625 9.526580810546875
gyro 0.01873779296875 0.0922088623046875 -0.0314483642578125
accel 0.1495361328125 -0.9620513916015625 9.990127563476562
gyro 0.01873779296875 0.0922088623046875 -0.0314483642578125
accel 0.1495361328125 -0.9620513916015625 9.990127563476562
gyro 0.144378662109375 0.0803985595703125 -0.5842742919921875
accel 0.1495361328125 -0.9620513916015625 9.990127563476562
gyro 0.144378662109375 0.0803985595703125 -0.5842742919921875
accel -1.56158447265625 -1.04290771484375 10.0062255859375
gyro 0.144378662109375 0.0803985595703125 -0.5842742919921875
accel -1.56158447265625 -1.04290771484375 10.0062255859375
gyro -0.0233917236328125 -0.0034942626953125 0.7447357177734375
accel -1.56158447265625 -1.04290771484375 10.0062255859375
gyro -0.0233917236328125 -0.0034942626953125 0.7447357177734375
accel -1.1331024169921875 -1.1518707275390625 9.443038940429688
gyro -0.0233917236328125 -0.0034942626953125 0.7447357177734375
accel -1.1331024169921875 -1.1518707275390625 9.443038940429688
gyro -0.0233917236328125 -0.0034942626953125 0.7447357177734375
accel -1.1331024169921875 -1.1518707275390625 9.443038940429688
gyro -0.16876220703125 -0.033203125 1.1591033935546875
accel -0.020660400390625 -1.022125244140625 9.0904541015625
gyro -0.16876220703125 -0.033203125 1.1591033935546875
accel -0.020660400390625 -1.022125244140625 9.0904541015625
gyro -0.16876220703125 -0.033203125 1.1591033935546875
accel -0.020660400390625 -1.022125244140625 9.0904541015625
gyro -0.0875091552734375 -0.001251220703125 0.3574371337890625
accel -0.020660400390625 -1.022125244140625 9.0904541015625
gyro -0.0875091552734375 -0.001251220703125 0.3574371337890625
accel -0.5136260986328125 -0.8314971923828125 9.267379760742188
gyro -0.0875091552734375 -0.001251220703125 0.3574371337890625
accel -0.5136260986328125 -0.8314971923828125 9.267379760742188
gyro -0.0518951416015625 0.01849365234375 0.191497802734375
accel -0.5136260986328125 -0.8314971923828125 9.267379760742188
gyro -0.0518951416015625 0.01849365234375 0.191497802734375
accel -0.5136260986328125 -0.8314971923828125 9.267379760742188
gyro -0.0518951416015625 0.01849365234375 0.191497802734375
accel -1.1830596923828125 -0.538970947265625 9.504425048828125
gyro -0.0518951416015625 0.01849365234375 0.191497802734375
accel -1.1830596923828125 -0.538970947265625 9.504425048828125
gyro -0.014007568359375 0.0343780517578125 0.476348876953125
accel -1.1830596923828125 -0.538970947265625 9.504425048828125
gyro -0.014007568359375 0.0343780517578125 0.476348876953125
accel -1.0073699951171875 -0.5243072509765625 9.268768310546875
gyro -0.014007568359375 0.0343780517578125 0.476348876953125
accel -1.0073699951171875 -0.5243072509765625 9.268768310546875
gyro 0.0142669677734375 0.14984130859375 0.413238525390625
accel -1.0073699951171875 -0.5243072509765625 9.268768310546875
gyro 0.0142669677734375 0.14984130859375 0.413238525390625
accel -1.0073699951171875 -0.5243072509765625 9.268768310546875
gyro 0.0142669677734375 0.14984130859375 0.413238525390625
accel -0.8160247802734375 -0.4604949951171875 9.5126953125
gyro 0.102020263671875 0.18017578125 0.4437713623046875
accel -0.8160247802734375 -0.4604949951171875 9.5126953125
gyro 0.102020263671875 0.18017578125 0.4437713623046875
accel -0.8160247802734375 -0.4604949951171875 9.5126953125
gyro 0.102020263671875 0.18017578125 0.4437713623046875
accel -0.4524993896484375 -0.7754058837890625 9.12493896484375
gyro 0.102020263671875 0.18017578125 0.4437713623046875
accel -0.4524993896484375 -0.7754058837890625 9.12493896484375
gyro 0.1457977294921875 0.20745849609375 0.3488922119140625
accel -0.4524993896484375 -0.7754058837890625 9.12493896484375
gyro 0.1457977294921875 0.20745849609375 0.3488922119140625
accel 0.64947509765625 -1.1209716796875 9.029342651367188
gyro 0.1457977294921875 0.20745849609375 0.3488922119140625
accel 0.64947509765625 -1.1209716796875 9.029342651367188
gyro 0.10894775390625 0.036224365234375 0.4783935546875
accel 0.64947509765625 -1.1209716796875 9.029342651367188
gyro 0.10894775390625 0.036224365234375 0.4783935546875
accel 0.64947509765625 -1.1209716796875 9.029342651367188
gyro 0.10894775390625 0.036224365234375 0.4783935546875
accel 1.4303436279296875 -1.01971435546875 9.333282470703125
gyro 0.0879669189453125 -0.1594390869140625 -0.009063720703125
accel 1.4303436279296875 -1.01971435546875 9.333282470703125
gyro 0.0879669189453125 -0.1594390869140625 -0.009063720703125
accel 1.4303436279296875 -1.01971435546875 9.333282470703125
gyro 0.0879669189453125 -0.1594390869140625 -0.009063720703125
accel 0.7038726806640625 -0.6898345947265625 9.221359252929688
gyro 0.0879669189453125 -0.1594390869140625 -0.009063720703125
accel 0.7038726806640625 -0.6898345947265625 9.221359252929688
gyro 0.148651123046875 -0.2197113037109375 -0.40631103515625
accel 0.7038726806640625 -0.6898345947265625 9.221359252929688
gyro 0.148651123046875 -0.2197113037109375 -0.40631103515625
accel -0.1357421875 -0.453582763671875 9.508560180664062
gyro 0.148651123046875 -0.2197113037109375 -0.40631103515625
accel -0.1357421875 -0.453582763671875 9.508560180664062
gyro 0.2060699462890625 -0.147430419921875 -0.665924072265625
accel -0.1357421875 -0.453582763671875 9.508560180664062
gyro 0.2060699462890625 -0.147430419921875 -0.665924072265625
accel -0.9339447021484375 -0.4947357177734375 9.545135498046875
gyro 0.2060699462890625 -0.147430419921875 -0.665924072265625
accel -0.9339447021484375 -0.4947357177734375 9.545135498046875
gyro 0.1576080322265625 -0.05499267578125 -0.3757781982421875
accel -0.9339447021484375 -0.4947357177734375 9.545135498046875
gyro 0.1576080322265625 -0.05499267578125 -0.3757781982421875
accel -0.9339447021484375 -0.4947357177734375 9.545135498046875
gyro 0.1576080322265625 -0.05499267578125 -0.3757781982421875
accel -0.683074951171875 -0.371368408203125 9.699798583984375
gyro 0.1576080322265625 -0.05499267578125 -0.3757781982421875
accel -0.683074951171875 -0.371368408203125 9.699798583984375
gyro 0.1409149169921875 0.03662109375 -0.8357391357421875
accel -0.683074951171875 -0.371368408203125 9.699798583984375
gyro 0.1409149169921875 0.03662109375 -0.8357391357421875
accel 0.513214111328125 -0.2646636962890625 9.86376953125
gyro 0.1409149169921875 0.03662109375 -0.8357391357421875
accel 0.513214111328125 -0.2646636962890625 9.86376953125
