accel 0.0980682373046875 0.176513671875 9.45361328125
gyro -0.0325469970703125 0.1365966796875 0.6142120361328125
accel 0.0980682373046875 0.176513671875 9.45361328125
gyro -0.0325469970703125 0.1365966796875 0.6142120361328125
accel -0.0196075439453125 0.39227294921875 8.708297729492188
gyro -0.01300048828125 -0.0075531005859375 0.6182861328125
accel -0.0196075439453125 0.39227294921875 8.708297729492188
gyro -0.01300048828125 -0.0075531005859375 0.6182861328125
accel -0.0196075439453125 0.39227294921875 8.708297729492188
gyro -0.01300048828125 -0.0075531005859375 0.6182861328125
accel 0.0980682373046875 0.2942047119140625 8.2572021484375
gyro -0.2473602294921875 0.00750732421875 1.14056396484375
accel 0.0980682373046875 0.2942047119140625 8.2572021484375
gyro -0.2473602294921875 0.00750732421875 1.14056396484375
accel 0.0980682373046875 0.2942047119140625 8.2572021484375
gyro -0.2473602294921875 0.00750732421875 1.14056396484375
accel 0.0980682373046875 0.2942047119140625 8.2572021484375
gyro -0.199310302734375 0.00506591796875 1.0145263671875
accel 0.0980682373046875 0.2942047119140625 8.2572021484375
gyro -0.199310302734375 0.00506591796875 1.0145263671875
accel 0.3901214599609375 0.065643310546875 7.821990966796875
gyro -0.199310302734375 0.00506591796875 1.0145263671875
accel 0.3901214599609375 0.065643310546875 7.821990966796875
gyro -0.1121673583984375 0.0512847900390625 1.223846435546875
accel 0.3901214599609375 0.065643310546875 7.821990966796875
gyro -0.1121673583984375 0.0512847900390625 1.223846435546875
accel 0.46636962890625 -0.4092559814453125 8.483779907226562
gyro -0.1121673583984375 0.0512847900390625 1.223846435546875
accel 0.46636962890625 -0.4092559814453125 8.483779907226562
gyro -0.1121673583984375 0.0512847900390625 1.223846435546875
accel 0.46636962890625 -0.4092559814453125 8.483779907226562
gyro -0.1050262451171875 -0.019561767578125 1.0672607421875
accel 0.46636962890625 -0.4092559814453125 8.483779907226562
gyro -0.1050262451171875 -0.019561767578125 1.0672607421875
accel 0.3232879638671875 -0.7939300537109375 9.130630493164062
gyro -0.1050262451171875 -0.019561767578125 1.0672607421875
accel 0.3232879638671875 -0.7939300537109375 9.130630493164062
gyro 0.0073394775390625 0.096282958984375 0.5148468017578125
accel 0.3232879638671875 -0.7939300537109375 9.130630493164062
gyro 0.0073394775390625 0.096282958984375 0.5148468017578125
accel -0.8461761474609375 -1.0020751953125 10.925430297851562
gyro 0.0073394775390625 0.096282958984375 0.5148468017578125
accel -0.8461761474609375 -1.0020751953125 10.925430297851562
gyro 0.00775146484375 0.2145843505859375 0.2151031494140625
accel -0.8461761474609375 -1.0020751953125 10.925430297851562
gyro 0.00775146484375 0.2145843505859375 0.2151031494140625
accel -0.8216705322265625 -1.0196075439453125 11.296966552734375
gyro 0.00775146484375 0.2145843505859375 0.2151031494140625
accel -0.8216705322265625 -1.0196075439453125 11.296966552734375
gyro 0.00775146484375 0.2145843505859375 0.2151031494140625
accel -0.8216705322265625 -1.0196075439453125 11.296966552734375
gyro -0.1365966796875 0.1990966796875 0.2839202880859375
accel -0.8216705322265625 -1.0196075439453125 11.296966552734375
gyro -0.1365966796875 0.1990966796875 0.2839202880859375
accel -0.0206146240234375 -1.279205322265625 11.543975830078125
gyro -0.1365966796875 0.1990966796875 0.2839202880859375
accel -0.0206146240234375 -1.279205322265625 11.543975830078125
gyro -0.1095123291015625 0.025421142578125 0.1650238037109375
accel -0.0206146240234375 -1.279205322265625 11.543975830078125
gyro -0.1095123291015625 0.025421142578125 0.1650238037109375
accel 0.1381072998046875 -1.496368408203125 10.883163452148438
gyro -0.1095123291015625 0.025421142578125 0.1650238037109375
accel 0.1381072998046875 -1.496368408203125 10.883163452148438
gyro -0.14697265625 -0.0124359130859375 -0.09619140625
accel 0.1381072998046875 -1.496368408203125 10.883163452148438
gyro -0.14697265625 -0.0124359130859375 -0.09619140625
accel 0.114166259765625 -0.9542999267578125 10.095703125
gyro -0.14697265625 -0.0124359130859375 -0.09619140625
accel 0.114166259765625 -0.9542999267578125 10.095703125
gyro -0.14697265625 -0.0124359130859375 -0.09619140625
accel 0.114166259765625 -0.9542999267578125 10.095703125
gyro -0.1294708251953125 -0.0431671142578125 -0.2122650146484375
accel 0.114166259765625 -0.9542999267578125 10.095703125
gyro -0.1294708251953125 -0.0431671142578125 -0.2122650146484375
accel 0.430633544921875 -0.6250152587890625 9.63812255859375
gyro -0.1294708251953125 -0.0431671142578125 -0.2122650146484375
accel 0.430633544921875 -0.6250152587890625 9.63812255859375
gyro 0.015899658203125 -0.0761566162109375 -0.530517578125
accel 0.430633544921875 -0.6250152587890625 9.63812255859375
gyro 0.015899658203125 -0.0761566162109375 -0.530517578125
accel -0.3474273681640625 -0.5948638916015625 9.562850952148438
gyro 0.015899658203125 -0.0761566162109375 -0.530517578125
accel -0.3474273681640625 -0.5948638916015625 9.562850952148438
gyro 0.072906494140625 -0.0146942138671875 -0.457427978515625
accel -0.3474273681640625 -0.5948638916015625 9.562850952148438
gyro 0.072906494140625 -0.0146942138671875 -0.457427978515625
accel -0.301483154296875 -0.7879791259765625 9.280136108398438
gyro 0.072906494140625 -0.0146942138671875 -0.457427978515625
accel -0.301483154296875 -0.7879791259765625 9.280136108398438
gyro 0.072906494140625 -0.0146942138671875 -0.457427978515625
accel -0.301483154296875 -0.7879791259765625 9.280136108398438
gyro -0.07489013671875 -0.0812530517578125 -0.423004150390625
accel 1.1575469970703125 1.8585205078125 9.446762084960938
gyro -0.07489013671875 -0.0812530517578125 -0.423004150390625
accel 1.1575469970703125 1.8585205078125 9.446762084960938
gyro -0.07489013671875 -0.0812530517578125 -0.423004150390625
accel 1.1575469970703125 1.8585205078125 9.446762084960938
gyro 0.8509368896484375 0.0543365478515625 -1.2582550048828125
accel 1.1575469970703125 1.8585205078125 9.446762084960938
gyro 0.8509368896484375 0.0543365478515625 -1.2582550048828125
accel -2.5539703369140625 0.5623626708984375 8.0263671875
gyro 0.8509368896484375 0.0543365478515625 -1.2582550048828125
accel -2.5539703369140625 0.5623626708984375 8.0263671875
gyro -0.1325225830078125 -0.0706634521484375 1.2912445068359375
accel -2.5539703369140625 0.5623626708984375 8.0263671875
gyro -0.1325225830078125 -0.0706634521484375 1.2912445068359375
accel -1.823577880859375 -1.5796051025390625 6.6761016845703125
gyro -0.1325225830078125 -0.0706634521484375 1.2912445068359375
accel -1.823577880859375 -1.5796051025390625 6.6761016845703125
gyro -0.1325225830078125 -0.0706634521484375 1.2912445068359375
accel -1.823577880859375 -1.5796051025390625 6.6761016845703125
gyro -0.9410858154296875 0.217437744140625 1.76263427734375
accel 4.0902862548828125 -3.208160400390625 9.89642333984375
gyro -0.9410858154296875 0.217437744140625 1.76263427734375
accel 4.0902862548828125 -3.208160400390625 9.89642333984375
gyro -0.9410858154296875 0.217437744140625 1.76263427734375
accel 4.0902862548828125 -3.208160400390625 9.89642333984375
gyro 0.202606201171875 0.0791778564453125 -1.2124481201171875
accel 4.0902862548828125 -3.208160400390625 9.89642333984375
gyro 0.202606201171875 0.0791778564453125 -1.2124481201171875
accel 4.0902862548828125 -3.208160400390625 9.89642333984375
gyro 0.202606201171875 0.0791778564453125 -1.2124481201171875
accel 3.15692138671875 -2.80572509765625 9.111785888671875
gyro 0.3084869384765625 0.084075927734375 -1.506683349609375
accel 3.15692138671875 -2.80572509765625 9.111785888671875
gyro 0.3084869384765625 0.084075927734375 -1.506683349609375
accel 0.285736083984375 -0.8384552001953125 8.893585205078125
gyro 0.3084869384765625 0.084075927734375 -1.506683349609375
accel 0.285736083984375 -0.8384552001953125 8.893585205078125
gyro 0.3084869384765625 0.084075927734375 -1.506683349609375
accel 0.285736083984375 -0.8384552001953125 8.893585205078125
gyro 0.187957763671875 -0.0509033203125 -0.8471527099609375
accel -0.77996826171875 -0.9468231201171875 8.002456665039062
gyro 0.187957763671875 -0.0509033203125 -0.8471527099609375
accel -0.77996826171875 -0.9468231201171875 8.002456665039062
gyro 0.187957763671875 -0.0509033203125 -0.8471527099609375
accel -0.77996826171875 -0.9468231201171875 8.002456665039062
gyro -0.3064117431640625 -0.0861358642578125 0.1937255859375
accel -0.77996826171875 -0.9468231201171875 8.002456665039062
gyro -0.3064117431640625 -0.0861358642578125 0.1937255859375
accel -0.77996826171875 -0.9468231201171875 8.002456665039062
gyro -0.3064117431640625 -0.0861358642578125 0.1937255859375
accel 0.5113067626953125 -0.9923095703125 10.18353271484375
gyro -0.056365966796875 -0.1115875244140625 -0.5152435302734375
accel 0.5113067626953125 -0.9923095703125 10.18353271484375
gyro -0.056365966796875 -0.1115875244140625 -0.5152435302734375
accel -1.068756103515625 -0.217376708984375 9.602188110351562
gyro -0.056365966796875 -0.1115875244140625 -0.5152435302734375
accel -1.068756103515625 -0.217376708984375 9.602188110351562
gyro -0.056365966796875 -0.1115875244140625 -0.5152435302734375
accel -1.068756103515625 -0.217376708984375 9.602188110351562
gyro -0.229248046875 -0.1594390869140625 0.3513336181640625
accel -1.068756103515625 -0.217376708984375 9.602188110351562
gyro -0.229248046875 -0.1594390869140625 0.3513336181640625
accel -0.4791259765625 -0.552764892578125 10.095809936523438
gyro -0.229248046875 -0.1594390869140625 0.3513336181640625
accel -0.4791259765625 -0.552764892578125 10.095809936523438
gyro -0.235137939453125 -0.0749359130859375 0.3419647216796875
accel -0.4791259765625 -0.552764892578125 10.095809936523438
gyro -0.235137939453125 -0.0749359130859375 0.3419647216796875
accel -0.4791259765625 -0.552764892578125 10.095809936523438
gyro -0.235137939453125 -0.0749359130859375 0.3419647216796875
accel -0.1757965087890625 -0.2978363037109375 10.727249145507812
gyro -0.01483154296875 -0.115875244140625 -0.233642578125
accel -0.1757965087890625 -0.2978363037109375 10.727249145507812
gyro -0.01483154296875 -0.115875244140625 -0.233642578125
accel -0.1757965087890625 -0.2978363037109375 10.727249145507812
gyro -0.01483154296875 -0.115875244140625 -0.233642578125
accel -1.8310394287109375 0.746124267578125 10.098922729492188
gyro -0.01483154296875 -0.115875244140625 -0.233642578125
accel -1.8310394287109375 0.746124267578125 10.098922729492188
gyro 0.193450927734375 0.1545257568359375 0.3745574951171875
accel -1.8310394287109375 0.746124267578125 10.098922729492188
gyro 0.193450927734375 0.1545257568359375 0.3745574951171875
accel -1.14239501953125 -1.203582763671875 8.775726318359375
gyro 0.193450927734375 0.1545257568359375 0.3745574951171875
accel -1.14239501953125 -1.203582763671875 8.775726318359375
gyro -0.064727783203125 0.2420654296875 0.31304931640625
accel -1.14239501953125 -1.203582763671875 8.775726318359375
gyro -0.064727783203125 0.2420654296875 0.31304931640625
accel -1.14239501953125 -1.203582763671875 8.775726318359375
gyro -0.064727783203125 0.2420654296875 0.31304931640625
accel -0.00897216796875 -1.2197418212890625 9.6300048828125
gyro -0.1710052490234375 0.0130157470703125 0.774658203125
accel -0.00897216796875 -1.2197418212890625 9.6300048828125
gyro -0.1710052490234375 0.0130157470703125 0.774658203125
accel -0.00897216796875 -1.2197418212890625 9.6300048828125
gyro -0.1710052490234375 0.0130157470703125 0.774658203125
accel 0.0928802490234375 -1.3814544677734375 7.5753936767578125
gyro -0.1710052490234375 0.0130157470703125 0.774658203125
accel 0.0928802490234375 -1.3814544677734375 7.5753936767578125
gyro -0.8606719970703125 -0.3414764404296875 1.5974884033203125
accel 0.0928802490234375 -1.3814544677734375 7.5753936767578125
gyro -0.8606719970703125 -0.3414764404296875 1.5974884033203125
accel 1.863800048828125 -1.582794189453125 6.3300933837890625
gyro -0.8606719970703125 -0.3414764404296875 1.5974884033203125
accel 1.863800048828125 -1.582794189453125 6.3300933837890625
gyro 0.2374420166015625 0.3707733154296875 -0.70562744140625
accel 1.863800048828125 -1.582794189453125 6.3300933837890625
gyro 0.2374420166015625 0.3707733154296875 -0.70562744140625
accel -0.5103759765625 -0.2907867431640625 5.40380859375
gyro 0.2374420166015625 0.3707733154296875 -0.70562744140625
accel -0.5103759765625 -0.2907867431640625 5.40380859375
gyro 0.487884521484375 0.394989013671875 -0.0222930908203125
accel -0.5103759765625 -0.2907867431640625 5.40380859375
gyro 0.487884521484375 0.394989013671875 -0.0222930908203125
accel -0.5103759765625 -0.2907867431640625 5.40380859375
gyro 0.487884521484375 0.394989013671875 -0.0222930908203125
accel -1.126434326171875 -0.593475341796875 5.1245269775390625
gyro 0.487884521484375 0.394989013671875 -0.0222930908203125
accel -1.126434326171875 -0.593475341796875 5.1245269775390625
gyro -0.2850341796875 0.54974365234375 1.4223785400390625
accel -1.126434326171875 -0.593475341796875 5.1245269775390625
gyro -0.2850341796875 0.54974365234375 1.4223785400390625
accel -0.075286865234375 -0.8358917236328125 9.030258178710938
gyro -0.2850341796875 0.54974365234375 1.4223785400390625
accel -0.075286865234375 -0.8358917236328125 9.030258178710938
gyro 0.1260528564453125 0.55340576171875 0.83880615234375
accel -0.075286865234375 -0.8358917236328125 9.030258178710938
gyro 0.1260528564453125 0.55340576171875 0.83880615234375
accel -1.6229248046875 -1.300628662109375 11.667449951171875
gyro 0.1260528564453125 0.55340576171875 0.83880615234375
accel -1.6229248046875 -1.300628662109375 11.667449951171875
gyro 0.0230255126953125 0.457916259765625 1.1556396484375
accel -1.6229248046875 -1.300628662109375 11.667449951171875
gyro 0.0230255126953125 0.457916259765625 1.1556396484375
accel -1.6229248046875 -1.300628662109375 11.667449951171875
gyro 0.0230255126953125 0.457916259765625 1.1556396484375
accel -0.5058441162109375 -1.1892547607421875 13.141921997070312
gyro 0.5438690185546875 0.3436737060546875 0.0355224609375
accel -0.5058441162109375 -1.1892547607421875 13.141921997070312
gyro 0.5438690185546875 0.3436737060546875 0.0355224609375
accel -0.5058441162109375 -1.1892547607421875 13.141921997070312
gyro 0.5438690185546875 0.3436737060546875 0.0355224609375
accel -2.299285888671875 -1.7405242919921875 11.689361572265625
gyro 0.5438690185546875 0.3436737060546875 0.0355224609375
accel -2.299285888671875 -1.7405242919921875 11.689361572265625
gyro -0.0270538330078125 0.216827392578125 0.98358154296875
accel -2.299285888671875 -1.7405242919921875 11.689361572265625
gyro -0.0270538330078125 0.216827392578125 0.98358154296875
accel -1.2324676513671875 -1.7347564697265625 11.030899047851562
gyro -0.0270538330078125 0.216827392578125 0.98358154296875
accel -1.2324676513671875 -1.7347564697265625 11.030899047851562
gyro -0.114410400390625 0.00872802734375 0.7762908935546875
accel -1.2324676513671875 -1.7347564697265625 11.030899047851562
gyro -0.114410400390625 0.00872802734375 0.7762908935546875
accel -1.2324676513671875 -1.7347564697265625 11.030899047851562
gyro -0.114410400390625 0.00872802734375 0.7762908935546875
accel -0.7712249755859375 -1.2596435546875 10.206710815429688
gyro -0.114410400390625 0.00872802734375 0.7762908935546875
accel -0.7712249755859375 -1.2596435546875 10.206710815429688
gyro -0.0736846923828125 -0.0600738525390625 0.2086029052734375
accel -0.7712249755859375 -1.2596435546875 10.206710815429688
gyro -0.0736846923828125 -0.0600738525390625 0.2086029052734375
accel -1.2663421630859375 -0.771575927734375 9.539764404296875
gyro -0.0736846923828125 -0.0600738525390625 0.2086029052734375
accel -1.2663421630859375 -0.771575927734375 9.539764404296875
gyro -0.1064605712890625 -0.0578460693359375 0.225494384765625
accel -1.2663421630859375 -0.771575927734375 9.539764404296875
gyro -0.1064605712890625 -0.0578460693359375 0.225494384765625
accel -2.19451904296875 -0.4609222412109375 10.038726806640625
gyro -0.1064605712890625 -0.0578460693359375 0.225494384765625
accel -2.19451904296875 -0.4609222412109375 10.038726806640625
gyro 0.0470428466796875 -0.0215911865234375 -0.013336181640625
accel -2.19451904296875 -0.4609222412109375 10.038726806640625
gyro 0.0470428466796875 -0.0215911865234375 -0.013336181640625
accel -2.19451904296875 -0.4609222412109375 10.038726806640625
gyro 0.0470428466796875 -0.0215911865234375 -0.013336181640625
accel -2.7855682373046875 -0.515838623046875 10.153228759765625
gyro 0.0470428466796875 -0.0215911865234375 -0.013336181640625
accel -2.7855682373046875 -0.515838623046875 10.153228759765625
gyro -0.1070709228515625 0.0437469482421875 0.1878204345703125
accel -2.7855682373046875 -0.515838623046875 10.153228759765625
gyro -0.1070709228515625 0.0437469482421875 0.1878204345703125
accel -2.0851898193359375 -0.4174957275390625 9.898208618164062
gyro -0.1070709228515625 0.0437469482421875 0.1878204345703125
accel -2.0851898193359375 -0.4174957275390625 9.898208618164062
gyro -0.022369384765625 0.0467987060546875 0.1405792236328125
accel -2.0851898193359375 -0.4174957275390625 9.898208618164062
gyro -0.022369384765625 0.0467987060546875 0.1405792236328125
accel -1.495941162109375 -0.495880126953125 9.740249633789062
gyro -0.022369384765625 0.0467987060546875 0.1405792236328125
accel -1.495941162109375 -0.495880126953125 9.740249633789062
gyro 0.0619049072265625 -0.0071563720703125 -0.11187744140625
accel -1.495941162109375 -0.495880126953125 9.740249633789062
gyro 0.0619049072265625 -0.0071563720703125 -0.11187744140625
accel -1.91473388671875 -0.46710205078125 9.175643920898438
gyro 0.0619049072265625 -0.0071563720703125 -0.11187744140625
accel -1.91473388671875 -0.46710205078125 9.175643920898438
gyro -0.0390625 -0.0142669677734375 0.0992431640625
accel -1.91473388671875 -0.46710205078125 9.175643920898438
gyro -0.0390625 -0.0142669677734375 0.0992431640625
accel -1.91473388671875 -0.46710205078125 9.175643920898438
gyro -0.0390625 -0.0142669677734375 0.0992431640625
accel -1.69512939453125 -0.2652587890625 9.256591796875
gyro -0.0390625 -0.0142669677734375 0.0992431640625
accel -1.69512939453125 -0.2652587890625 9.256591796875
gyro -0.0213470458984375 0.00262451171875 0.02166748046875
accel -1.69512939453125 -0.2652587890625 9.256591796875
gyro -0.0213470458984375 0.00262451171875 0.02166748046875
accel -1.7184600830078125 -0.0532073974609375 9.226715087890625
gyro -0.0213470458984375 0.00262451171875 0.02166748046875
accel -1.7184600830078125 -0.0532073974609375 9.226715087890625
gyro -0.0325469970703125 0.0624847412109375 -0.2425994873046875
accel -1.7184600830078125 -0.0532073974609375 9.226715087890625
gyro -0.0325469970703125 0.0624847412109375 -0.2425994873046875
accel -1.1119537353515625 1.086700439453125 9.649642944335938
gyro -0.0325469970703125 0.0624847412109375 -0.2425994873046875
accel -1.1119537353515625 1.086700439453125 9.649642944335938
gyro -0.0325469970703125 0.0624847412109375 -0.2425994873046875
accel -1.1119537353515625 1.086700439453125 9.649642944335938
gyro 0.2254180908203125 0.0250091552734375 -0.6744842529296875
accel -1.1119537353515625 1.086700439453125 9.649642944335938
gyro 0.2254180908203125 0.0250091552734375 -0.6744842529296875
accel -2.2345733642578125 2.636962890625 9.68939208984375
gyro 0.2254180908203125 0.0250091552734375 -0.6744842529296875
accel -2.2345733642578125 2.636962890625 9.68939208984375
gyro 0.3090972900390625 -0.005523681640625 -0.16705322265625
accel -2.2345733642578125 2.636962890625 9.68939208984375
gyro 0.3090972900390625 -0.005523681640625 -0.16705322265625
accel -2.4427337646484375 3.6852874755859375 9.709747314453125
gyro 0.3090972900390625 -0.005523681640625 -0.16705322265625
accel -2.4427337646484375 3.6852874755859375 9.709747314453125
gyro 0.52880859375 0.0083160400390625 -0.0361328125
accel -2.4427337646484375 3.6852874755859375 9.709747314453125
gyro 0.52880859375 0.0083160400390625 -0.0361328125
accel -2.7303314208984375 4.1717987060546875 9.925308227539062
gyro 0.52880859375 0.0083160400390625 -0.0361328125
accel -2.7303314208984375 4.1717987060546875 9.925308227539062
gyro 0.52880859375 0.0083160400390625 -0.0361328125
accel -2.7303314208984375 4.1717987060546875 9.925308227539062
gyro 0.79718017578125 0.1276397705078125 -0.047332763671875
accel -2.7303314208984375 4.1717987060546875 9.925308227539062
gyro 0.79718017578125 0.1276397705078125 -0.047332763671875
accel -3.164794921875 4.4814300537109375 10.318099975585938
gyro 0.79718017578125 0.1276397705078125 -0.047332763671875
accel -3.164794921875 4.4814300537109375 10.318099975585938
gyro 1.070037841796875 0.229034423828125 -0.0108795166015625
accel -3.164794921875 4.4814300537109375 10.318099975585938
gyro 1.070037841796875 0.229034423828125 -0.0108795166015625
accel -3.88311767578125 4.1212158203125 10.16632080078125
gyro 1.070037841796875 0.229034423828125 -0.0108795166015625
accel -3.88311767578125 4.1212158203125 10.16632080078125
gyro 1.0590362548828125 0.3137359619140625 0.664093017578125
accel -3.88311767578125 4.1212158203125 10.16632080078125
gyro 1.0590362548828125 0.3137359619140625 0.664093017578125
accel -3.194061279296875 2.728240966796875 10.327880859375
gyro 1.0590362548828125 0.3137359619140625 0.664093017578125
accel -3.194061279296875 2.728240966796875 10.327880859375
gyro 1.1231842041015625 0.369537353515625 0.7781219482421875
accel -3.194061279296875 2.728240966796875 10.327880859375
gyro 1.1231842041015625 0.369537353515625 0.7781219482421875
accel -3.194061279296875 2.728240966796875 10.327880859375
gyro 1.1231842041015625 0.369537353515625 0.7781219482421875
accel -2.8214569091796875 1.1680755615234375 10.164901733398438
gyro 1.1231842041015625 0.369537353515625 0.7781219482421875
accel -2.8214569091796875 1.1680755615234375 10.164901733398438
gyro 0.971893310546875 0.3151702880859375 0.7844390869140625
accel -2.8214569091796875 1.1680755615234375 10.164901733398438
gyro 0.971893310546875 0.3151702880859375 0.7844390869140625
accel -2.298126220703125 0.199981689453125 9.635055541992188
gyro 0.971893310546875 0.3151702880859375 0.7844390869140625
accel -2.298126220703125 0.199981689453125 9.635055541992188
gyro 0.70147705078125 0.2060394287109375 0.6272430419921875
accel -2.298126220703125 0.199981689453125 9.635055541992188
gyro 0.70147705078125 0.2060394287109375 0.6272430419921875
accel -2.0744171142578125 0.2911224365234375 8.92449951171875
gyro 0.70147705078125 0.2060394287109375 0.6272430419921875
accel -2.0744171142578125 0.2911224365234375 8.92449951171875
gyro 0.433929443359375 0.1657257080078125 0.6127777099609375
accel -2.0744171142578125 0.2911224365234375 8.92449951171875
gyro 0.433929443359375 0.1657257080078125 0.6127777099609375
accel -1.2035064697265625 0.929931640625 8.71258544921875
gyro 0.433929443359375 0.1657257080078125 0.6127777099609375
accel -1.2035064697265625 0.929931640625 8.71258544921875
gyro 0.433929443359375 0.1657257080078125 0.6127777099609375
accel -1.2035064697265625 0.929931640625 8.71258544921875
gyro 0.3441162109375 0.0842742919921875 0.3271026611328125
accel -1.2035064697265625 0.929931640625 8.71258544921875
gyro 0.3441162109375 0.0842742919921875 0.3271026611328125
accel -0.9670562744140625 1.165313720703125 8.061187744140625
gyro 0.3441162109375 0.0842742919921875 0.3271026611328125
accel -0.9670562744140625 1.165313720703125 8.061187744140625
gyro 0.141326904296875 0.023590087890625 0.1865997314453125
accel -0.9670562744140625 1.165313720703125 8.061187744140625
gyro 0.141326904296875 0.023590087890625 0.1865997314453125
accel -0.7126007080078125 1.1895599365234375 8.069107055664062
gyro 0.141326904296875 0.023590087890625 0.1865997314453125
accel -0.7126007080078125 1.1895599365234375 8.069107055664062
gyro 0.0454254150390625 -0.014678955078125 -0.06463623046875
accel -0.7126007080078125 1.1895599365234375 8.069107055664062
gyro 0.0454254150390625 -0.014678955078125 -0.06463623046875
accel -1.0225067138671875 1.3949737548828125 8.093856811523438
gyro 0.0454254150390625 -0.014678955078125 -0.06463623046875
accel -1.0225067138671875 1.3949737548828125 8.093856811523438
gyro 0.0454254150390625 -0.014678955078125 -0.06463623046875
accel -1.0225067138671875 1.3949737548828125 8.093856811523438
gyro -0.1347503662109375 -0.065765380859375 -0.161956787109375
accel -1.0225067138671875 1.3949737548828125 8.093856811523438
gyro -0.1347503662109375 -0.065765380859375 -0.161956787109375
accel -1.3562469482421875 1.078125 8.177780151367188
gyro -0.1347503662109375 -0.065765380859375 -0.161956787109375
accel -1.3562469482421875 1.078125 8.177780151367188
gyro -0.2876739501953125 -0.0788116455078125 -0.1965789794921875
accel -1.3562469482421875 1.078125 8.177780151367188
gyro -0.2876739501953125 -0.0788116455078125 -0.1965789794921875
accel -1.791595458984375 0.289093017578125 8.314208984375
gyro -0.2876739501953125 -0.0788116455078125 -0.1965789794921875
accel -1.791595458984375 0.289093017578125 8.314208984375
gyro -0.4827423095703125 -0.06231689453125 -0.1110687255859375
accel -1.791595458984375 0.289093017578125 8.314208984375
gyro -0.4827423095703125 -0.06231689453125 -0.1110687255859375
accel -1.791595458984375 0.289093017578125 8.314208984375
gyro -0.4827423095703125 -0.06231689453125 -0.1110687255859375
accel -2.15289306640625 -0.705535888671875 8.704330444335938
gyro -0.4827423095703125 -0.06231689453125 -0.1110687255859375
accel -2.15289306640625 -0.705535888671875 8.704330444335938
gyro -0.7655792236328125 -0.0114288330078125 -0.0760345458984375
accel -2.15289306640625 -0.705535888671875 8.704330444335938
gyro -0.7655792236328125 -0.0114288330078125 -0.0760345458984375
accel -2.2451629638671875 -1.7017059326171875 9.624740600585938
gyro -0.7655792236328125 -0.0114288330078125 -0.0760345458984375
accel -2.2451629638671875 -1.7017059326171875 9.624740600585938
gyro -1.147979736328125 0.007904052734375 -0.2755889892578125
accel -2.2451629638671875 -1.7017059326171875 9.624740600585938
gyro -1.147979736328125 0.007904052734375 -0.2755889892578125
accel -2.470550537109375 -2.1560211181640625 10.608230590820312
gyro -1.147979736328125 0.007904052734375 -0.2755889892578125
accel -2.470550537109375 -2.1560211181640625 10.608230590820312
gyro -1.147979736328125 0.007904052734375 -0.2755889892578125
accel -2.470550537109375 -2.1560211181640625 10.608230590820312
gyro -1.5391387939453125 0.00872802734375 -0.49530029296875
accel -2.470550537109375 -2.1560211181640625 10.608230590820312
gyro -1.5391387939453125 0.00872802734375 -0.49530029296875
accel -3.3593292236328125 -2.0751495361328125 11.450164794921875
gyro -1.5391387939453125 0.00872802734375 -0.49530029296875
accel -3.3593292236328125 -2.0751495361328125 11.450164794921875
gyro -1.8470001220703125 0.0655364990234375 -0.6333465576171875
accel -3.3593292236328125 -2.0751495361328125 11.450164794921875
gyro -1.8470001220703125 0.0655364990234375 -0.6333465576171875
accel -3.3593292236328125 -2.0751495361328125 11.450164794921875
gyro -1.8470001220703125 0.0655364990234375 -0.6333465576171875
accel -3.5512847900390625 -1.6203155517578125 12.104766845703125
gyro -1.943115234375 0.1341552734375 -0.7054290771484375
accel -3.5512847900390625 -1.6203155517578125 12.104766845703125
gyro -1.943115234375 0.1341552734375 -0.7054290771484375
accel -3.5512847900390625 -1.6203155517578125 12.104766845703125
gyro -1.943115234375 0.1341552734375 -0.7054290771484375
accel -4.405181884765625 -1.2740325927734375 12.931549072265625
gyro -2.163848876953125 0.1612396240234375 -0.946929931640625
accel -4.405181884765625 -1.2740325927734375 12.931549072265625
gyro -2.163848876953125 0.1612396240234375 -0.946929931640625
accel -4.405181884765625 -1.2740325927734375 12.931549072265625
gyro -2.163848876953125 0.1612396240234375 -0.946929931640625
accel -3.3475189208984375 -0.180572509765625 13.629241943359375
gyro -2.163848876953125 0.1612396240234375 -0.946929931640625
accel -3.3475189208984375 -0.180572509765625 13.629241943359375
gyro -2.0211029052734375 0.0850830078125 -1.0122833251953125
accel -3.3475189208984375 -0.180572509765625 13.629241943359375
gyro -2.0211029052734375 0.0850830078125 -1.0122833251953125
accel -3.295440673828125 0.8451080322265625 13.039108276367188
gyro -2.0211029052734375 0.0850830078125 -1.0122833251953125
accel -3.295440673828125 0.8451080322265625 13.039108276367188
gyro -1.342437744140625 -0.06903076171875 -1.3845062255859375
accel -3.295440673828125 0.8451080322265625 13.039108276367188
gyro -1.342437744140625 -0.06903076171875 -1.3845062255859375
accel -3.295440673828125 0.8451080322265625 13.039108276367188
gyro -1.342437744140625 -0.06903076171875 -1.3845062255859375
accel -3.4300537109375 1.1821136474609375 11.339935302734375
gyro -1.342437744140625 -0.06903076171875 -1.3845062255859375
accel -3.4300537109375 1.1821136474609375 11.339935302734375
gyro -1.0270233154296875 -0.1195220947265625 -1.0236968994140625
accel -3.4300537109375 1.1821136474609375 11.339935302734375
gyro -1.0270233154296875 -0.1195220947265625 -1.0236968994140625
accel -3.078216552734375 1.0982818603515625 9.511093139648438
gyro -1.0270233154296875 -0.1195220947265625 -1.0236968994140625
accel -3.078216552734375 1.0982818603515625 9.511093139648438
gyro -0.6973724365234375 -0.05804443359375 -0.579193115234375
accel -3.078216552734375 1.0982818603515625 9.511093139648438
gyro -0.6973724365234375 -0.05804443359375 -0.579193115234375
accel -2.7989501953125 0.42974853515625 8.430709838867188
gyro -0.6973724365234375 -0.05804443359375 -0.579193115234375
accel -2.7989501953125 0.42974853515625 8.430709838867188
gyro -0.422271728515625 0.0060882568359375 -0.030029296875
accel -2.7989501953125 0.42974853515625 8.430709838867188
gyro -0.422271728515625 0.0060882568359375 -0.030029296875
accel -2.7989501953125 0.42974853515625 8.430709838867188
gyro -0.422271728515625 0.0060882568359375 -0.030029296875
accel -2.39068603515625 -1.0001220703125 7.8427276611328125
gyro -0.1909637451171875 -0.0179443359375 0.5954742431640625
accel -2.39068603515625 -1.0001220703125 7.8427276611328125
gyro -0.1909637451171875 -0.0179443359375 0.5954742431640625
accel -2.39068603515625 -1.0001220703125 7.8427276611328125
gyro -0.1909637451171875 -0.0179443359375 0.5954742431640625
accel -1.019744873046875 -2.37908935546875 7.548553466796875
gyro -0.1909637451171875 -0.0179443359375 0.5954742431640625
accel -1.019744873046875 -2.37908935546875 7.548553466796875
gyro 0.01995849609375 0.032958984375 0.154632568359375
accel -1.019744873046875 -2.37908935546875 7.548553466796875
gyro 0.01995849609375 0.032958984375 0.154632568359375
accel -1.17559814453125 -3.0255889892578125 7.6336517333984375
gyro 0.01995849609375 0.032958984375 0.154632568359375
accel -1.17559814453125 -3.0255889892578125 7.6336517333984375
gyro 0.132965087890625 0.0374298095703125 0.11187744140625
accel -1.17559814453125 -3.0255889892578125 7.6336517333984375
gyro 0.132965087890625 0.0374298095703125 0.11187744140625
accel -1.17559814453125 -3.0255889892578125 7.6336517333984375
gyro 0.132965087890625 0.0374298095703125 0.11187744140625
accel -1.1717987060546875 -2.779144287109375 8.269256591796875
gyro 0.35125732421875 0.0079193115234375 0.01739501953125
accel -1.1717987060546875 -2.779144287109375 8.269256591796875
gyro 0.35125732421875 0.0079193115234375 0.01739501953125
accel -1.1717987060546875 -2.779144287109375 8.269256591796875
gyro 0.35125732421875 0.0079193115234375 0.01739501953125
accel -1.5061798095703125 -2.3459625244140625 8.446792602539062
gyro 0.35125732421875 0.0079193115234375 0.01739501953125
accel -1.5061798095703125 -2.3459625244140625 8.446792602539062
gyro 0.5446929931640625 0.0307159423828125 0.1139068603515625
accel -1.5061798095703125 -2.3459625244140625 8.446792602539062
gyro 0.5446929931640625 0.0307159423828125 0.1139068603515625
accel -1.7662811279296875 -2.3593292236328125 8.46826171875
gyro 0.5446929931640625 0.0307159423828125 0.1139068603515625
accel -1.7662811279296875 -2.3593292236328125 8.46826171875
gyro 0.741790771484375 0.0891571044921875 0.0738067626953125
accel -1.7662811279296875 -2.3593292236328125 8.46826171875
gyro 0.741790771484375 0.0891571044921875 0.0738067626953125
accel -2.441619873046875 -2.1526336669921875 8.553543090820312
gyro 0.741790771484375 0.0891571044921875 0.0738067626953125
accel -2.441619873046875 -2.1526336669921875 8.553543090820312
gyro 0.759918212890625 0.1392364501953125 0.4798126220703125
accel -2.441619873046875 -2.1526336669921875 8.553543090820312
gyro 0.759918212890625 0.1392364501953125 0.4798126220703125
accel -2.441619873046875 -2.1526336669921875 8.553543090820312
gyro 0.759918212890625 0.1392364501953125 0.4798126220703125
accel -2.4461822509765625 -2.0449066162109375 9.16290283203125
gyro 0.759918212890625 0.1392364501953125 0.4798126220703125
accel -2.4461822509765625 -2.0449066162109375 9.16290283203125
gyro 0.8442230224609375 0.1679534912109375 0.74066162109375
accel -2.4461822509765625 -2.0449066162109375 9.16290283203125
gyro 0.8442230224609375 0.1679534912109375 0.74066162109375
accel -2.2032623291015625 -2.620941162109375 9.86431884765625
gyro 0.8442230224609375 0.1679534912109375 0.74066162109375
accel -2.2032623291015625 -2.620941162109375 9.86431884765625
gyro 0.99163818359375 0.15960693359375 0.59405517578125
accel -2.2032623291015625 -2.620941162109375 9.86431884765625
gyro 0.99163818359375 0.15960693359375 0.59405517578125
accel -2.2032623291015625 -2.620941162109375 9.86431884765625
gyro 0.99163818359375 0.15960693359375 0.59405517578125
accel -2.3745880126953125 -3.3296661376953125 10.138626098632812
gyro 0.9146728515625 0.095672607421875 0.6268310546875
accel -2.3745880126953125 -3.3296661376953125 10.138626098632812
gyro 0.9146728515625 0.095672607421875 0.6268310546875
accel -2.3745880126953125 -3.3296661376953125 10.138626098632812
gyro 0.9146728515625 0.095672607421875 0.6268310546875
accel -2.0166015625 -3.3969268798828125 10.148971557617188
gyro 0.9146728515625 0.095672607421875 0.6268310546875
accel -2.0166015625 -3.3969268798828125 10.148971557617188
gyro 0.94012451171875 0.0659332275390625 0.521148681640625
accel -2.0166015625 -3.3969268798828125 10.148971557617188
gyro 0.94012451171875 0.0659332275390625 0.521148681640625
accel -2.49505615234375 -3.37744140625 10.136993408203125
gyro 0.94012451171875 0.0659332275390625 0.521148681640625
accel -2.49505615234375 -3.37744140625 10.136993408203125
gyro 0.721435546875 0.0121917724609375 0.6384429931640625
accel -2.49505615234375 -3.37744140625 10.136993408203125
gyro 0.721435546875 0.0121917724609375 0.6384429931640625
accel -2.5218048095703125 -3.3849945068359375 9.782241821289062
gyro 0.721435546875 0.0121917724609375 0.6384429931640625
accel -2.5218048095703125 -3.3849945068359375 9.782241821289062
gyro 0.5410308837890625 -0.00634765625 0.6508636474609375
accel -2.5218048095703125 -3.3849945068359375 9.782241821289062
gyro 0.5410308837890625 -0.00634765625 0.6508636474609375
accel -2.5218048095703125 -3.3849945068359375 9.782241821289062
gyro 0.5410308837890625 -0.00634765625 0.6508636474609375
accel -2.4247589111328125 -3.23638916015625 9.526626586914062
gyro 0.5410308837890625 -0.00634765625 0.6508636474609375
accel -2.4247589111328125 -3.23638916015625 9.526626586914062
gyro 0.392181396484375 -0.0059356689453125 0.5134124755859375
accel -2.4247589111328125 -3.23638916015625 9.526626586914062
gyro 0.392181396484375 -0.0059356689453125 0.5134124755859375
accel -2.3009490966796875 -2.779052734375 9.433197021484375
gyro 0.392181396484375 -0.0059356689453125 0.5134124755859375
accel -2.3009490966796875 -2.779052734375 9.433197021484375
gyro 0.2720489501953125 -0.0010528564453125 0.373321533203125
accel -2.3009490966796875 -2.779052734375 9.433197021484375
gyro 0.2720489501953125 -0.0010528564453125 0.373321533203125
accel -2.3284454345703125 -2.171539306640625 9.356781005859375
gyro 0.2720489501953125 -0.0010528564453125 0.373321533203125
accel -2.3284454345703125 -2.171539306640625 9.356781005859375
gyro 0.1103668212890625 -0.008575439453125 0.312652587890625
accel -2.3284454345703125 -2.171539306640625 9.356781005859375
gyro 0.1103668212890625 -0.008575439453125 0.312652587890625
accel -2.3284454345703125 -2.171539306640625 9.356781005859375
gyro 0.1103668212890625 -0.008575439453125 0.312652587890625
accel -2.191131591796875 -1.5980987548828125 9.251296997070312
gyro 0.1103668212890625 -0.008575439453125 0.312652587890625
accel -2.191131591796875 -1.5980987548828125 9.251296997070312
gyro 0.0458221435546875 -0.012847900390625 0.1815032958984375
accel -2.191131591796875 -1.5980987548828125 9.251296997070312
gyro 0.0458221435546875 -0.012847900390625 0.1815032958984375
accel -2.266510009765625 -1.401275634765625 8.925491333007812
gyro 0.0458221435546875 -0.012847900390625 0.1815032958984375
accel -2.266510009765625 -1.401275634765625 8.925491333007812
gyro -0.0616607666015625 -0.007354736328125 0.2096099853515625
accel -2.266510009765625 -1.401275634765625 8.925491333007812
gyro -0.0616607666015625 -0.007354736328125 0.2096099853515625
accel -1.966339111328125 -1.240997314453125 8.848739624023438
gyro -0.0616607666015625 -0.007354736328125 0.2096099853515625
accel -1.966339111328125 -1.240997314453125 8.848739624023438
gyro -0.070831298828125 0.0152435302734375 -0.0575103759765625
accel -1.966339111328125 -1.240997314453125 8.848739624023438
gyro -0.070831298828125 0.0152435302734375 -0.0575103759765625
accel -2.218048095703125 -1.0173187255859375 8.786605834960938
gyro -0.070831298828125 0.0152435302734375 -0.0575103759765625
accel -2.218048095703125 -1.0173187255859375 8.786605834960938
gyro -0.070831298828125 0.0152435302734375 -0.0575103759765625
accel -2.218048095703125 -1.0173187255859375 8.786605834960938
gyro -0.16326904296875 0.0376434326171875 -0.19189453125
accel -2.218048095703125 -1.0173187255859375 8.786605834960938
gyro -0.16326904296875 0.0376434326171875 -0.19189453125
accel -2.3770294189453125 -0.5242156982421875 9.084854125976562
gyro -0.16326904296875 0.0376434326171875 -0.19189453125
accel -2.3770294189453125 -0.5242156982421875 9.084854125976562
gyro -0.156951904296875 0.107269287109375 -0.35968017578125
accel -2.3770294189453125 -0.5242156982421875 9.084854125976562
gyro -0.156951904296875 0.107269287109375 -0.35968017578125
accel -2.9027862548828125 -0.1162109375 9.045440673828125
gyro -0.156951904296875 0.107269287109375 -0.35968017578125
accel -2.9027862548828125 -0.1162109375 9.045440673828125
gyro -0.156951904296875 0.107269287109375 -0.35968017578125
accel -2.9027862548828125 -0.1162109375 9.045440673828125
gyro -0.25531005859375 0.1349639892578125 -0.0986480712890625
accel -2.9027862548828125 -0.1162109375 9.045440673828125
gyro -0.25531005859375 0.1349639892578125 -0.0986480712890625
accel -2.606964111328125 0.0809173583984375 9.385910034179688
gyro -0.25531005859375 0.1349639892578125 -0.0986480712890625
accel -2.606964111328125 0.0809173583984375 9.385910034179688
gyro -0.1758880615234375 0.145355224609375 -0.10028076171875
accel -2.606964111328125 0.0809173583984375 9.385910034179688
gyro -0.1758880615234375 0.145355224609375 -0.10028076171875
accel -2.5063323974609375 0.0981903076171875 9.089523315429688
gyro -0.1758880615234375 0.145355224609375 -0.10028076171875
accel -2.5063323974609375 0.0981903076171875 9.089523315429688
gyro -0.1479949951171875 0.123779296875 -0.100067138671875
accel -2.5063323974609375 0.0981903076171875 9.089523315429688
gyro -0.1479949951171875 0.123779296875 -0.100067138671875
accel -2.43231201171875 0.0310211181640625 9.391082763671875
gyro -0.1479949951171875 0.123779296875 -0.100067138671875
accel -2.43231201171875 0.0310211181640625 9.391082763671875
gyro -0.074493408203125 0.0924072265625 -0.1536102294921875
accel -2.43231201171875 0.0310211181640625 9.391082763671875
gyro -0.074493408203125 0.0924072265625 -0.1536102294921875
accel -2.5780792236328125 -0.1061248779296875 9.296432495117188
gyro -0.074493408203125 0.0924072265625 -0.1536102294921875
accel -2.5780792236328125 -0.1061248779296875 9.296432495117188
gyro -0.074493408203125 0.0924072265625 -0.1536102294921875
accel -2.5780792236328125 -0.1061248779296875 9.296432495117188
gyro -0.0317230224609375 0.0622711181640625 -0.197998046875
accel -2.5780792236328125 -0.1061248779296875 9.296432495117188
gyro -0.0317230224609375 0.0622711181640625 -0.197998046875
accel -2.84674072265625 -0.3262481689453125 9.19000244140625
gyro -0.0317230224609375 0.0622711181640625 -0.197998046875
accel -2.84674072265625 -0.3262481689453125 9.19000244140625
gyro -0.0337677001953125 0.0679779052734375 -0.1114654541015625
accel -2.84674072265625 -0.3262481689453125 9.19000244140625
gyro -0.0337677001953125 0.0679779052734375 -0.1114654541015625
accel -2.9275970458984375 -0.449859619140625 9.129898071289062
gyro -0.0337677001953125 0.0679779052734375 -0.1114654541015625
accel -2.9275970458984375 -0.449859619140625 9.129898071289062
gyro -0.1292572021484375 0.07244873046875 0.0357208251953125
accel -2.9275970458984375 -0.449859619140625 9.129898071289062
gyro -0.1292572021484375 0.07244873046875 0.0357208251953125
accel -2.680328369140625 -0.5283050537109375 9.402633666992188
gyro -0.1292572021484375 0.07244873046875 0.0357208251953125
accel -2.680328369140625 -0.5283050537109375 9.402633666992188
gyro -0.1292572021484375 0.07244873046875 0.0357208251953125
accel -2.680328369140625 -0.5283050537109375 9.402633666992188
gyro -0.0478057861328125 0.039886474609375 -0.121246337890625
accel -2.680328369140625 -0.5283050537109375 9.402633666992188
gyro -0.0478057861328125 0.039886474609375 -0.121246337890625
accel -2.58447265625 -0.59649658203125 9.190399169921875
gyro -0.0478057861328125 0.039886474609375 -0.121246337890625
accel -2.58447265625 -0.59649658203125 9.190399169921875
gyro 0.0006256103515625 0.0174713134765625 -0.189453125
accel -2.58447265625 -0.59649658203125 9.190399169921875
gyro 0.0006256103515625 0.0174713134765625 -0.189453125
accel -2.641082763671875 -0.4880523681640625 8.8624267578125
gyro 0.0006256103515625 0.0174713134765625 -0.189453125
accel -2.641082763671875 -0.4880523681640625 8.8624267578125
gyro -0.019317626953125 0.0046539306640625 -0.05792236328125
accel -2.641082763671875 -0.4880523681640625 8.8624267578125
gyro -0.019317626953125 0.0046539306640625 -0.05792236328125
accel -2.7952728271484375 -0.4431610107421875 8.8804931640625
gyro -0.019317626953125 0.0046539306640625 -0.05792236328125
accel -2.7952728271484375 -0.4431610107421875 8.8804931640625
gyro -0.019317626953125 0.0046539306640625 -0.05792236328125
accel -2.7952728271484375 -0.4431610107421875 8.8804931640625
gyro -0.0368194580078125 0.0054779052734375 -0.0780792236328125
accel -2.7952728271484375 -0.4431610107421875 8.8804931640625
gyro -0.0368194580078125 0.0054779052734375 -0.0780792236328125
accel -2.6207122802734375 -0.4207305908203125 9.159271240234375
gyro -0.0368194580078125 0.0054779052734375 -0.0780792236328125
accel -2.6207122802734375 -0.4207305908203125 9.159271240234375
gyro 0.073516845703125 0.0103607177734375 -0.0748291015625
accel -2.6207122802734375 -0.4207305908203125 9.159271240234375
gyro 0.073516845703125 0.0103607177734375 -0.0748291015625
accel -2.6207122802734375 -0.4207305908203125 9.159271240234375
gyro 0.073516845703125 0.0103607177734375 -0.0748291015625
accel -2.7637481689453125 -0.589447021484375 9.054275512695312
gyro 0.037689208984375 0.023590087890625 -0.148529052734375
accel -2.7637481689453125 -0.589447021484375 9.054275512695312
gyro 0.037689208984375 0.023590087890625 -0.148529052734375
accel -2.7637481689453125 -0.589447021484375 9.054275512695312
gyro 0.037689208984375 0.023590087890625 -0.148529052734375
accel -2.60919189453125 -0.65655517578125 9.14349365234375
gyro 0.037689208984375 0.023590087890625 -0.148529052734375
accel -2.60919189453125 -0.65655517578125 9.14349365234375
gyro -0.0400848388671875 0.01971435546875 0.06951904296875
accel -2.60919189453125 -0.65655517578125 9.14349365234375
gyro -0.0400848388671875 0.01971435546875 0.06951904296875
accel -2.60919189453125 -0.65655517578125 9.14349365234375
gyro -0.0400848388671875 0.01971435546875 0.06951904296875
accel -2.6348876953125 -0.5826263427734375 9.423171997070312
gyro -0.042724609375 0.007904052734375 -0.0377655029296875
accel -2.6348876953125 -0.5826263427734375 9.423171997070312
gyro -0.042724609375 0.007904052734375 -0.0377655029296875
accel -2.872772216796875 -0.572601318359375 9.269485473632812
gyro -0.042724609375 0.007904052734375 -0.0377655029296875
accel -2.872772216796875 -0.572601318359375 9.269485473632812
gyro -0.0358123779296875 -0.020172119140625 0.0880584716796875
accel -2.872772216796875 -0.572601318359375 9.269485473632812
gyro -0.0358123779296875 -0.020172119140625 0.0880584716796875
accel -2.872772216796875 -0.572601318359375 9.269485473632812
gyro -0.0358123779296875 -0.020172119140625 0.0880584716796875
accel -2.518646240234375 -0.523040771484375 9.094406127929688
gyro -0.0358123779296875 -0.020172119140625 0.0880584716796875
accel -2.518646240234375 -0.523040771484375 9.094406127929688
gyro 0.003265380859375 -0.0380706787109375 -0.0550689697265625
accel -2.518646240234375 -0.523040771484375 9.094406127929688
gyro 0.003265380859375 -0.0380706787109375 -0.0550689697265625
accel -2.600372314453125 -0.670257568359375 8.729141235351562
gyro 0.003265380859375 -0.0380706787109375 -0.0550689697265625
accel -2.600372314453125 -0.670257568359375 8.729141235351562
gyro 0.0022430419921875 -0.006134033203125 -0.0019378662109375
accel -2.600372314453125 -0.670257568359375 8.729141235351562
gyro 0.0022430419921875 -0.006134033203125 -0.0019378662109375
accel -2.600372314453125 -0.670257568359375 8.729141235351562
gyro 0.0022430419921875 -0.006134033203125 -0.0019378662109375
accel -2.71319580078125 -0.6827545166015625 8.810073852539062
gyro -0.0091400146484375 0.02032470703125 -0.01190185546875
accel -2.71319580078125 -0.6827545166015625 8.810073852539062
gyro -0.0091400146484375 0.02032470703125 -0.01190185546875
accel -2.71319580078125 -0.6827545166015625 8.810073852539062
gyro -0.0091400146484375 0.02032470703125 -0.01190185546875
accel -2.762298583984375 -0.6943817138671875 8.978668212890625
gyro -0.0091400146484375 0.02032470703125 -0.01190185546875
accel -2.762298583984375 -0.6943817138671875 8.978668212890625
gyro -0.0119781494140625 0.0294952392578125 0.032470703125
accel -2.762298583984375 -0.6943817138671875 8.978668212890625
gyro -0.0119781494140625 0.0294952392578125 0.032470703125
accel -2.6907958984375 -0.82757568359375 8.930328369140625
gyro -0.0119781494140625 0.0294952392578125 0.032470703125
accel -2.6907958984375 -0.82757568359375 8.930328369140625
gyro -0.027252197265625 0.0392608642578125 0.0041656494140625
accel -2.6907958984375 -0.82757568359375 8.930328369140625
gyro -0.027252197265625 0.0392608642578125 0.0041656494140625
accel -2.6907958984375 -0.82757568359375 8.930328369140625
gyro -0.027252197265625 0.0392608642578125 0.0041656494140625
accel -2.7830352783203125 -0.784393310546875 9.009384155273438
gyro -0.0410919189453125 0.0630950927734375 0.0917205810546875
accel -2.7830352783203125 -0.784393310546875 9.009384155273438
gyro -0.0410919189453125 0.0630950927734375 0.0917205810546875
accel -2.7830352783203125 -0.784393310546875 9.009384155273438
gyro -0.0410919189453125 0.0630950927734375 0.0917205810546875
accel -2.8526458740234375 -0.7938690185546875 9.086410522460938
gyro -0.0410919189453125 0.0630950927734375 0.0917205810546875
accel -2.8526458740234375 -0.7938690185546875 9.086410522460938
gyro -0.0759124755859375 0.0698089599609375 0.0711517333984375
accel -2.8526458740234375 -0.7938690185546875 9.086410522460938
gyro -0.0759124755859375 0.0698089599609375 0.0711517333984375
accel -2.5791473388671875 -0.76788330078125 8.984527587890625
gyro -0.0759124755859375 0.0698089599609375 0.0711517333984375
accel -2.5791473388671875 -0.76788330078125 8.984527587890625
gyro -0.0720367431640625 0.07183837890625 0.0351104736328125
accel -2.5791473388671875 -0.76788330078125 8.984527587890625
gyro -0.0720367431640625 0.07183837890625 0.0351104736328125
accel -2.5791473388671875 -0.76788330078125 8.984527587890625
