accel 4.09918212890625 -0.2745819091796875 7.86492919921875
gyro -0.0765228271484375 -0.0126495361328125 0.399383544921875
accel 4.09918212890625 -0.2745819091796875 7.86492919921875
gyro -0.0765228271484375 -0.0126495361328125 0.399383544921875
accel 4.09918212890625 -0.2745819091796875 7.86492919921875
gyro -0.045166015625 -0.12420654296875 -0.0052032470703125
accel 2.5497283935546875 -0.2157440185546875 5.8055419921875
gyro -0.045166015625 -0.12420654296875 -0.0052032470703125
accel 2.5497283935546875 -0.2157440185546875 5.8055419921875
gyro -0.045166015625 -0.12420654296875 -0.0052032470703125
accel 2.5497283935546875 -0.2157440185546875 5.8055419921875
gyro -0.085479736328125 0.017486572265625 0.380035400390625
accel 2.5497283935546875 -0.2157440185546875 5.8055419921875
gyro -0.085479736328125 0.017486572265625 0.380035400390625
accel 2.5497283935546875 -0.2157440185546875 5.8055419921875
gyro -0.085479736328125 0.017486572265625 0.380035400390625
accel 2.5497283935546875 -0.2157440185546875 5.8055419921875
gyro -0.0535125732421875 0.2449188232421875 0.6506500244140625
accel 2.4684295654296875 -0.312286376953125 5.3806304931640625
gyro -0.0535125732421875 0.2449188232421875 0.6506500244140625
accel 2.4684295654296875 -0.312286376953125 5.3806304931640625
gyro -0.0535125732421875 0.2449188232421875 0.6506500244140625
accel 2.4684295654296875 -0.312286376953125 5.3806304931640625
gyro -0.0535125732421875 0.2449188232421875 0.6506500244140625
accel 2.4684295654296875 -0.312286376953125 5.3806304931640625
gyro 0.0191497802734375 0.3563079833984375 0.7801513671875
accel 2.7195587158203125 -0.790283203125 5.9106292724609375
gyro 0.0191497802734375 0.3563079833984375 0.7801513671875
accel 2.7195587158203125 -0.790283203125 5.9106292724609375
gyro 0.0191497802734375 0.3563079833984375 0.7801513671875
accel 2.7195587158203125 -0.790283203125 5.9106292724609375
gyro 0.040740966796875 0.4813385009765625 0.7644805908203125
accel 2.7204132080078125 -1.012725830078125 7.92694091796875
gyro 0.040740966796875 0.4813385009765625 0.7644805908203125
accel 2.7204132080078125 -1.012725830078125 7.92694091796875
gyro 0.040740966796875 0.4813385009765625 0.7644805908203125
accel 2.7204132080078125 -1.012725830078125 7.92694091796875
gyro 0.1745147705078125 0.5194091796875 0.1941375732421875
accel 1.203521728515625 -1.0076751708984375 10.17724609375
gyro 0.1745147705078125 0.5194091796875 0.1941375732421875
accel 1.203521728515625 -1.0076751708984375 10.17724609375
gyro 0.1745147705078125 0.5194091796875 0.1941375732421875
accel 1.203521728515625 -1.0076751708984375 10.17724609375
gyro 0.1745147705078125 0.5194091796875 0.1941375732421875
accel 1.203521728515625 -1.0076751708984375 10.17724609375
gyro 0.00164794921875 0.5980072021484375 1.255615234375
accel 1.893524169921875 -1.2304840087890625 11.574508666992188
gyro 0.00164794921875 0.5980072021484375 1.255615234375
accel 1.893524169921875 -1.2304840087890625 11.574508666992188
gyro 0.00164794921875 0.5980072021484375 1.255615234375
accel 1.893524169921875 -1.2304840087890625 11.574508666992188
gyro -0.0140228271484375 0.4371490478515625 1.2218170166015625
accel 3.6053009033203125 -1.134033203125 11.776809692382812
gyro -0.0140228271484375 0.4371490478515625 1.2218170166015625
accel 3.6053009033203125 -1.134033203125 11.776809692382812
gyro -0.0140228271484375 0.4371490478515625 1.2218170166015625
accel 3.6053009033203125 -1.134033203125 11.776809692382812
gyro 0.2457733154296875 0.2685394287109375 -0.0428466796875
accel 2.7752685546875 -1.16973876953125 10.90045166015625
gyro 0.2457733154296875 0.2685394287109375 -0.0428466796875
accel 2.7752685546875 -1.16973876953125 10.90045166015625
gyro 0.2457733154296875 0.2685394287109375 -0.0428466796875
accel 2.7752685546875 -1.16973876953125 10.90045166015625
gyro 0.2457733154296875 0.2685394287109375 -0.0428466796875
accel 2.7752685546875 -1.16973876953125 10.90045166015625
gyro 0.135833740234375 0.2384033203125 0.346038818359375
accel 1.6265411376953125 -1.0356292724609375 10.719924926757812
gyro 0.135833740234375 0.2384033203125 0.346038818359375
accel 1.6265411376953125 -1.0356292724609375 10.719924926757812
gyro 0.135833740234375 0.2384033203125 0.346038818359375
accel 1.6265411376953125 -1.0356292724609375 10.719924926757812
gyro 0.067413330078125 0.183624267578125 0.35845947265625
accel 3.2924957275390625 -0.6236572265625 10.414230346679688
gyro 0.067413330078125 0.183624267578125 0.35845947265625
accel 3.2924957275390625 -0.6236572265625 10.414230346679688
gyro 0.067413330078125 0.183624267578125 0.35845947265625
accel 3.2924957275390625 -0.6236572265625 10.414230346679688
gyro 0.264923095703125 0.1771087646484375 -0.44866943359375
accel 1.991363525390625 -0.7012481689453125 10.162185668945312
gyro 0.264923095703125 0.1771087646484375 -0.44866943359375
accel 1.991363525390625 -0.7012481689453125 10.162185668945312
gyro 0.264923095703125 0.1771087646484375 -0.44866943359375
accel 1.991363525390625 -0.7012481689453125 10.162185668945312
gyro 0.264923095703125 0.1771087646484375 -0.44866943359375
accel 1.991363525390625 -0.7012481689453125 10.162185668945312
gyro 0.0608978271484375 0.0919952392578125 0.35418701171875
accel 2.56854248046875 -0.751983642578125 10.190719604492188
gyro 0.0608978271484375 0.0919952392578125 0.35418701171875
accel 2.56854248046875 -0.751983642578125 10.190719604492188
gyro 0.0608978271484375 0.0919952392578125 0.35418701171875
accel 2.56854248046875 -0.751983642578125 10.190719604492188
gyro 0.125030517578125 -0.06231689453125 -0.0792999267578125
accel 2.3982086181640625 -1.01934814453125 9.561798095703125
gyro 0.125030517578125 -0.06231689453125 -0.0792999267578125
accel 2.3982086181640625 -1.01934814453125 9.561798095703125
gyro 0.125030517578125 -0.06231689453125 -0.0792999267578125
accel 2.3982086181640625 -1.01934814453125 9.561798095703125
gyro 0.0272979736328125 -0.1445770263671875 -0.028594970703125
accel 1.68109130859375 -0.943115234375 9.123489379882812
gyro 0.0272979736328125 -0.1445770263671875 -0.028594970703125
accel 1.68109130859375 -0.943115234375 9.123489379882812
gyro 0.0272979736328125 -0.1445770263671875 -0.028594970703125
accel 1.68109130859375 -0.943115234375 9.123489379882812
gyro 0.0272979736328125 -0.1445770263671875 -0.028594970703125
accel 0.990570068359375 -0.6969451904296875 9.214157104492188
gyro -0.0024261474609375 -0.1048736572265625 -0.0135345458984375
accel 0.990570068359375 -0.6969451904296875 9.214157104492188
gyro -0.0024261474609375 -0.1048736572265625 -0.0135345458984375
accel 0.990570068359375 -0.6969451904296875 9.214157104492188
gyro -0.0024261474609375 -0.1048736572265625 -0.0135345458984375
accel 0.990570068359375 -0.6969451904296875 9.214157104492188
gyro -0.00079345703125 -0.007354736328125 -0.020050048828125
accel 0.4629058837890625 -0.6236114501953125 9.33990478515625
gyro -0.00079345703125 -0.007354736328125 -0.020050048828125
accel 0.4629058837890625 -0.6236114501953125 9.33990478515625
gyro -0.00079345703125 -0.007354736328125 -0.020050048828125
accel 0.4629058837890625 -0.6236114501953125 9.33990478515625
gyro -0.0268402099609375 0.0431365966796875 0.180694580078125
accel 1.0366668701171875 -0.7314910888671875 9.36407470703125
gyro -0.0268402099609375 0.0431365966796875 0.180694580078125
accel 1.0366668701171875 -0.7314910888671875 9.36407470703125
gyro -0.0268402099609375 0.0431365966796875 0.180694580078125
accel 1.0366668701171875 -0.7314910888671875 9.36407470703125
gyro -0.0268402099609375 0.0431365966796875 0.180694580078125
accel 1.1099090576171875 -0.794952392578125 9.328216552734375
gyro 0.003265380859375 0.0610504150390625 -0.016387939453125
accel 1.1099090576171875 -0.794952392578125 9.328216552734375
gyro 0.003265380859375 0.0610504150390625 -0.016387939453125
accel 1.1099090576171875 -0.794952392578125 9.328216552734375
gyro 0.003265380859375 0.0610504150390625 -0.016387939453125
accel 1.1099090576171875 -0.794952392578125 9.328216552734375
gyro -0.037017822265625 0.0854949951171875 0.0499725341796875
accel 1.332611083984375 -0.663543701171875 9.289825439453125
gyro -0.037017822265625 0.0854949951171875 0.0499725341796875
accel 1.332611083984375 -0.663543701171875 9.289825439453125
gyro -0.037017822265625 0.0854949951171875 0.0499725341796875
accel 1.332611083984375 -0.663543701171875 9.289825439453125
gyro -0.0125885009765625 0.0736846923828125 -0.0738067626953125
accel 1.351654052734375 -0.4343414306640625 9.234039306640625
gyro -0.0125885009765625 0.0736846923828125 -0.0738067626953125
accel 1.351654052734375 -0.4343414306640625 9.234039306640625
gyro -0.0125885009765625 0.0736846923828125 -0.0738067626953125
accel 1.351654052734375 -0.4343414306640625 9.234039306640625
gyro -0.0125885009765625 0.0736846923828125 -0.0738067626953125
accel 1.21728515625 -0.336639404296875 9.329849243164062
gyro -0.00244140625 0.06695556640625 0.0009002685546875
accel 1.21728515625 -0.336639404296875 9.329849243164062
gyro -0.00244140625 0.06695556640625 0.0009002685546875
accel 1.21728515625 -0.336639404296875 9.329849243164062
gyro -0.00244140625 0.06695556640625 0.0009002685546875
accel 1.21728515625 -0.336639404296875 9.329849243164062
gyro 0.020782470703125 0.05596923828125 0.032867431640625
accel 1.282470703125 -0.42218017578125 9.257614135742188
gyro 0.020782470703125 0.05596923828125 0.032867431640625
accel 1.282470703125 -0.42218017578125 9.257614135742188
gyro 0.020782470703125 0.05596923828125 0.032867431640625
accel 1.282470703125 -0.42218017578125 9.257614135742188
gyro 0.041351318359375 0.026031494140625 -0.007843017578125
accel 1.2550506591796875 -0.546783447265625 9.232147216796875
gyro 0.041351318359375 0.026031494140625 -0.007843017578125
accel 1.2550506591796875 -0.546783447265625 9.232147216796875
gyro 0.041351318359375 0.026031494140625 -0.007843017578125
accel 1.2550506591796875 -0.546783447265625 9.232147216796875
gyro 0.041351318359375 0.026031494140625 -0.007843017578125
accel 1.3005828857421875 -0.5621185302734375 9.113815307617188
gyro 0.02545166015625 0.0600433349609375 0.0428466796875
accel 1.3005828857421875 -0.5621185302734375 9.113815307617188
gyro 0.02545166015625 0.0600433349609375 0.0428466796875
accel 1.3005828857421875 -0.5621185302734375 9.113815307617188
gyro 0.02545166015625 0.0600433349609375 0.0428466796875
accel 1.3005828857421875 -0.5621185302734375 9.113815307617188
gyro 0.0246429443359375 0.06451416015625 -0.0062103271484375
accel 1.3897247314453125 -0.3738555908203125 8.99420166015625
gyro 0.0246429443359375 0.06451416015625 -0.0062103271484375
accel 1.3897247314453125 -0.3738555908203125 8.99420166015625
gyro 0.0246429443359375 0.06451416015625 -0.0062103271484375
accel 1.3897247314453125 -0.3738555908203125 8.99420166015625
gyro 0.0240325927734375 0.0822296142578125 0.078887939453125
accel 1.62109375 -0.27099609375 9.463058471679688
gyro 0.0240325927734375 0.0822296142578125 0.078887939453125
accel 1.62109375 -0.27099609375 9.463058471679688
gyro 0.0240325927734375 0.0822296142578125 0.078887939453125
accel 1.62109375 -0.27099609375 9.463058471679688
gyro 0.0240325927734375 0.0822296142578125 0.078887939453125
accel 1.3512115478515625 -0.2729339599609375 9.59893798828125
gyro 0.055999755859375 0.043548583984375 -0.0786895751953125
accel 1.3512115478515625 -0.2729339599609375 9.59893798828125
gyro 0.055999755859375 0.043548583984375 -0.0786895751953125
accel 1.3512115478515625 -0.2729339599609375 9.59893798828125
gyro 0.055999755859375 0.043548583984375 -0.0786895751953125
accel 1.453125 -0.22833251953125 9.499160766601562
gyro 0.029327392578125 0.04150390625 0.146087646484375
accel 1.453125 -0.22833251953125 9.499160766601562
gyro 0.029327392578125 0.04150390625 0.146087646484375
accel 1.453125 -0.22833251953125 9.499160766601562
gyro 0.029327392578125 0.04150390625 0.146087646484375
accel 1.453125 -0.22833251953125 9.499160766601562
gyro 0.046844482421875 0.041717529296875 0.0705413818359375
accel 1.453125 -0.22833251953125 9.499160766601562
gyro 0.046844482421875 0.041717529296875 0.0705413818359375
accel 1.3762359619140625 -0.631317138671875 9.292343139648438
gyro 0.046844482421875 0.041717529296875 0.0705413818359375
accel 1.3762359619140625 -0.631317138671875 9.292343139648438
gyro 0.046844482421875 0.041717529296875 0.0705413818359375
accel 1.3762359619140625 -0.631317138671875 9.292343139648438
gyro 0.017120361328125 0.0439605712890625 -0.1020965576171875
accel 1.3372650146484375 -0.7646026611328125 9.18902587890625
gyro 0.017120361328125 0.0439605712890625 -0.1020965576171875
accel 1.3372650146484375 -0.7646026611328125 9.18902587890625
gyro 0.017120361328125 0.0439605712890625 -0.1020965576171875
accel 1.3372650146484375 -0.7646026611328125 9.18902587890625
gyro -0.049652099609375 0.0616607666015625 -0.123687744140625
accel 0.9681549072265625 -0.3237457275390625 8.95404052734375
gyro -0.049652099609375 0.0616607666015625 -0.123687744140625
accel 0.9681549072265625 -0.3237457275390625 8.95404052734375
gyro -0.049652099609375 0.0616607666015625 -0.123687744140625
accel 0.9681549072265625 -0.3237457275390625 8.95404052734375
gyro -0.0915985107421875 0.0850830078125 0.0581207275390625
accel 0.9681549072265625 -0.3237457275390625 8.95404052734375
gyro -0.0915985107421875 0.0850830078125 0.0581207275390625
accel 1.113037109375 -0.2822723388671875 9.508438110351562
gyro -0.0915985107421875 0.0850830078125 0.0581207275390625
accel 1.113037109375 -0.2822723388671875 9.508438110351562
gyro -0.0915985107421875 0.0850830078125 0.0581207275390625
accel 1.113037109375 -0.2822723388671875 9.508438110351562
gyro -0.07733154296875 0.079986572265625 0.1004791259765625
accel 1.3810272216796875 -0.625 9.254302978515625
gyro -0.07733154296875 0.079986572265625 0.1004791259765625
accel 1.3810272216796875 -0.625 9.254302978515625
gyro -0.07733154296875 0.079986572265625 0.1004791259765625
accel 1.3810272216796875 -0.625 9.254302978515625
gyro -0.0602264404296875 0.0474090576171875 -0.0809173583984375
accel 1.2764129638671875 -0.6249847412109375 9.63299560546875
gyro -0.0602264404296875 0.0474090576171875 -0.0809173583984375
accel 1.2764129638671875 -0.6249847412109375 9.63299560546875
gyro -0.0602264404296875 0.0474090576171875 -0.0809173583984375
accel 1.2764129638671875 -0.6249847412109375 9.63299560546875
gyro -0.0461883544921875 0.020538330078125 0.0778656005859375
accel 1.2950439453125 -0.6611328125 9.72662353515625
gyro -0.0461883544921875 0.020538330078125 0.0778656005859375
accel 1.2950439453125 -0.6611328125 9.72662353515625
gyro -0.0461883544921875 0.020538330078125 0.0778656005859375
accel 1.2950439453125 -0.6611328125 9.72662353515625
gyro -0.0461883544921875 0.020538330078125 0.0778656005859375
accel 1.2950439453125 -0.6611328125 9.72662353515625
gyro -0.0115966796875 0.0119781494140625 0.0811309814453125
accel 1.1201629638671875 -0.5369415283203125 9.437469482421875
gyro -0.0115966796875 0.0119781494140625 0.0811309814453125
accel 1.1201629638671875 -0.5369415283203125 9.437469482421875
gyro -0.0115966796875 0.0119781494140625 0.0811309814453125
accel 1.1201629638671875 -0.5369415283203125 9.437469482421875
gyro 0.003875732421875 -0.028717041015625 -0.061798095703125
accel 1.4345550537109375 -0.0063629150390625 9.44781494140625
gyro 0.003875732421875 -0.028717041015625 -0.061798095703125
accel 1.4345550537109375 -0.0063629150390625 9.44781494140625
gyro 0.003875732421875 -0.028717041015625 -0.061798095703125
accel 1.4345550537109375 -0.0063629150390625 9.44781494140625
gyro 0.0110015869140625 -0.03076171875 -0.36944580078125
accel 1.4345550537109375 -0.0063629150390625 9.44781494140625
gyro 0.0110015869140625 -0.03076171875 -0.36944580078125
accel 1.2177734375 1.1658477783203125 9.507736206054688
gyro 0.0110015869140625 -0.03076171875 -0.36944580078125
accel 1.2177734375 1.1658477783203125 9.507736206054688
gyro 0.0110015869140625 -0.03076171875 -0.36944580078125
accel 1.2177734375 1.1658477783203125 9.507736206054688
gyro 0.106292724609375 -0.05438232421875 -0.4462127685546875
accel 0.8694915771484375 2.8626708984375 9.671707153320312
gyro 0.106292724609375 -0.05438232421875 -0.4462127685546875
accel 0.8694915771484375 2.8626708984375 9.671707153320312
gyro 0.106292724609375 -0.05438232421875 -0.4462127685546875
accel 0.8694915771484375 2.8626708984375 9.671707153320312
gyro 0.3253936767578125 -0.0435791015625 -0.3328094482421875
accel 1.1006622314453125 4.511566162109375 10.2757568359375
gyro 0.3253936767578125 -0.0435791015625 -0.3328094482421875
accel 1.1006622314453125 4.511566162109375 10.2757568359375
gyro 0.3253936767578125 -0.0435791015625 -0.3328094482421875
accel 1.1006622314453125 4.511566162109375 10.2757568359375
gyro 0.709014892578125 0.0386505126953125 -0.3731231689453125
accel 0.2578277587890625 5.1758575439453125 10.547042846679688
gyro 0.709014892578125 0.0386505126953125 -0.3731231689453125
accel 0.2578277587890625 5.1758575439453125 10.547042846679688
gyro 0.709014892578125 0.0386505126953125 -0.3731231689453125
accel 0.2578277587890625 5.1758575439453125 10.547042846679688
gyro 1.0339813232421875 0.14678955078125 0.0395965576171875
accel 0.2578277587890625 5.1758575439453125 10.547042846679688
gyro 1.0339813232421875 0.14678955078125 0.0395965576171875
accel -0.227996826171875 5.001617431640625 10.70001220703125
gyro 1.0339813232421875 0.14678955078125 0.0395965576171875
accel -0.227996826171875 5.001617431640625 10.70001220703125
gyro 1.0339813232421875 0.14678955078125 0.0395965576171875
accel -0.227996826171875 5.001617431640625 10.70001220703125
gyro 1.23699951171875 0.269561767578125 0.331573486328125
accel -0.444122314453125 4.388336181640625 10.636199951171875
gyro 1.23699951171875 0.269561767578125 0.331573486328125
accel -0.444122314453125 4.388336181640625 10.636199951171875
gyro 1.23699951171875 0.269561767578125 0.331573486328125
accel -0.444122314453125 4.388336181640625 10.636199951171875
gyro 1.3155975341796875 0.3394012451171875 0.50140380859375
accel 0.133209228515625 3.686767578125 10.753936767578125
gyro 1.3155975341796875 0.3394012451171875 0.50140380859375
accel 0.133209228515625 3.686767578125 10.753936767578125
gyro 1.3155975341796875 0.3394012451171875 0.50140380859375
accel 0.133209228515625 3.686767578125 10.753936767578125
gyro 1.3155975341796875 0.3394012451171875 0.50140380859375
accel 0.133209228515625 3.686767578125 10.753936767578125
gyro 1.3392181396484375 0.325958251953125 0.4401092529296875
accel 0.3606719970703125 3.578857421875 10.559677124023438
gyro 1.3392181396484375 0.325958251953125 0.4401092529296875
accel 0.3606719970703125 3.578857421875 10.559677124023438
gyro 1.3392181396484375 0.325958251953125 0.4401092529296875
accel 0.3606719970703125 3.578857421875 10.559677124023438
gyro 1.3367767333984375 0.309051513671875 0.56268310546875
accel 0.7913055419921875 3.1202850341796875 10.2530517578125
gyro 1.3367767333984375 0.309051513671875 0.56268310546875
accel 0.7913055419921875 3.1202850341796875 10.2530517578125
gyro 1.3367767333984375 0.309051513671875 0.56268310546875
accel 0.7913055419921875 3.1202850341796875 10.2530517578125
gyro 1.3058319091796875 0.2660980224609375 0.6201171875
accel 1.0877227783203125 2.31890869140625 9.54034423828125
gyro 1.3058319091796875 0.2660980224609375 0.6201171875
accel 1.0877227783203125 2.31890869140625 9.54034423828125
gyro 1.3058319091796875 0.2660980224609375 0.6201171875
accel 1.0877227783203125 2.31890869140625 9.54034423828125
gyro 1.3058319091796875 0.2660980224609375 0.6201171875
accel 1.0877227783203125 2.31890869140625 9.54034423828125
gyro 1.0769500732421875 0.1070709228515625 0.403656005859375
accel 1.42816162109375 1.639617919921875 8.751815795898438
gyro 1.0769500732421875 0.1070709228515625 0.403656005859375
accel 1.42816162109375 1.639617919921875 8.751815795898438
gyro 1.0769500732421875 0.1070709228515625 0.403656005859375
accel 1.42816162109375 1.639617919921875 8.751815795898438
gyro 0.7994232177734375 0.047821044921875 0.306732177734375
accel 1.3395538330078125 1.3616485595703125 7.789398193359375
gyro 0.7994232177734375 0.047821044921875 0.306732177734375
accel 1.3395538330078125 1.3616485595703125 7.789398193359375
gyro 0.7994232177734375 0.047821044921875 0.306732177734375
accel 1.3395538330078125 1.3616485595703125 7.789398193359375
gyro 0.4856414794921875 0.0280609130859375 0.148529052734375
accel 1.3526458740234375 1.2022705078125 7.0670318603515625
gyro 0.4856414794921875 0.0280609130859375 0.148529052734375
accel 1.3526458740234375 1.2022705078125 7.0670318603515625
gyro 0.4856414794921875 0.0280609130859375 0.148529052734375
accel 1.3526458740234375 1.2022705078125 7.0670318603515625
gyro 0.4856414794921875 0.0280609130859375 0.148529052734375
accel 1.3526458740234375 1.2022705078125 7.0670318603515625
gyro 0.158416748046875 0.00384521484375 -0.0587310791015625
accel 1.398956298828125 1.7393646240234375 6.6964874267578125
gyro 0.158416748046875 0.00384521484375 -0.0587310791015625
accel 1.398956298828125 1.7393646240234375 6.6964874267578125
gyro 0.158416748046875 0.00384521484375 -0.0587310791015625
accel 1.398956298828125 1.7393646240234375 6.6964874267578125
gyro -0.08447265625 -0.0203704833984375 -0.1238861083984375
accel 1.1505279541015625 2.4669952392578125 6.9015350341796875
gyro -0.08447265625 -0.0203704833984375 -0.1238861083984375
accel 1.1505279541015625 2.4669952392578125 6.9015350341796875
gyro -0.08447265625 -0.0203704833984375 -0.1238861083984375
accel 1.1505279541015625 2.4669952392578125 6.9015350341796875
gyro -0.2730255126953125 0.0225677490234375 -0.1041412353515625
accel 0.746490478515625 2.1545257568359375 7.1217041015625
gyro -0.2730255126953125 0.0225677490234375 -0.1041412353515625
accel 0.746490478515625 2.1545257568359375 7.1217041015625
gyro -0.2730255126953125 0.0225677490234375 -0.1041412353515625
accel 0.746490478515625 2.1545257568359375 7.1217041015625
gyro -0.2730255126953125 0.0225677490234375 -0.1041412353515625
accel 0.489898681640625 0.8787994384765625 7.6884002685546875
gyro -0.453826904296875 0.04638671875 -0.0438690185546875
accel 0.489898681640625 0.8787994384765625 7.6884002685546875
gyro -0.453826904296875 0.04638671875 -0.0438690185546875
accel 0.489898681640625 0.8787994384765625 7.6884002685546875
gyro -0.453826904296875 0.04638671875 -0.0438690185546875
accel 0.489898681640625 0.8787994384765625 7.6884002685546875
gyro -0.660308837890625 0.1249847412109375 0.0055999755859375
accel 0.434600830078125 -0.2432403564453125 8.4046630859375
gyro -0.660308837890625 0.1249847412109375 0.0055999755859375
accel 0.434600830078125 -0.2432403564453125 8.4046630859375
gyro -0.660308837890625 0.1249847412109375 0.0055999755859375
accel 0.434600830078125 -0.2432403564453125 8.4046630859375
gyro -0.98406982421875 0.1897430419921875 -0.172760009765625
accel 0.7300872802734375 -1.190582275390625 9.509063720703125
gyro -0.98406982421875 0.1897430419921875 -0.172760009765625
accel 0.7300872802734375 -1.190582275390625 9.509063720703125
gyro -0.98406982421875 0.1897430419921875 -0.172760009765625
accel 0.7300872802734375 -1.190582275390625 9.509063720703125
gyro -0.98406982421875 0.1897430419921875 -0.172760009765625
accel 0.6356658935546875 -1.276458740234375 10.758514404296875
gyro -1.42938232421875 0.1451568603515625 -0.515045166015625
accel 0.6356658935546875 -1.276458740234375 10.758514404296875
gyro -1.42938232421875 0.1451568603515625 -0.515045166015625
accel 0.6356658935546875 -1.276458740234375 10.758514404296875
gyro -1.42938232421875 0.1451568603515625 -0.515045166015625
accel 0.6356658935546875 -1.276458740234375 10.758514404296875
gyro -1.955535888671875 0.1355743408203125 -0.7054290771484375
accel 0.24615478515625 -0.2766571044921875 12.522552490234375
gyro -1.955535888671875 0.1355743408203125 -0.7054290771484375
accel 0.24615478515625 -0.2766571044921875 12.522552490234375
gyro -1.955535888671875 0.1355743408203125 -0.7054290771484375
accel 0.24615478515625 -0.2766571044921875 12.522552490234375
gyro -2.1890869140625 -0.0211944580078125 -0.737396240234375
accel -0.223052978515625 0.7518157958984375 13.919570922851562
gyro -2.1890869140625 -0.0211944580078125 -0.737396240234375
accel -0.223052978515625 0.7518157958984375 13.919570922851562
gyro -2.1890869140625 -0.0211944580078125 -0.737396240234375
accel -0.223052978515625 0.7518157958984375 13.919570922851562
gyro -2.1890869140625 -0.0211944580078125 -0.737396240234375
accel -0.48822021484375 0.7906494140625 14.583114624023438
gyro -2.16302490234375 -0.080841064453125 -0.50445556640625
accel -0.48822021484375 0.7906494140625 14.583114624023438
gyro -2.16302490234375 -0.080841064453125 -0.50445556640625
accel -0.48822021484375 0.7906494140625 14.583114624023438
gyro -2.16302490234375 -0.080841064453125 -0.50445556640625
accel -0.48822021484375 0.7906494140625 14.583114624023438
gyro -2.1379852294921875 -0.1083221435546875 -0.4439849853515625
accel -0.836090087890625 0.2041473388671875 14.374496459960938
gyro -2.1379852294921875 -0.1083221435546875 -0.4439849853515625
accel -0.836090087890625 0.2041473388671875 14.374496459960938
gyro -2.1379852294921875 -0.1083221435546875 -0.4439849853515625
accel -0.836090087890625 0.2041473388671875 14.374496459960938
gyro -2.1117095947265625 -0.126251220703125 -0.2310028076171875
accel -0.8996734619140625 -0.008941650390625 13.671005249023438
gyro -2.1117095947265625 -0.126251220703125 -0.2310028076171875
accel -0.8996734619140625 -0.008941650390625 13.671005249023438
gyro -2.1117095947265625 -0.126251220703125 -0.2310028076171875
accel -0.8996734619140625 -0.008941650390625 13.671005249023438
gyro -2.1117095947265625 -0.126251220703125 -0.2310028076171875
accel -0.5653533935546875 0.4425201416015625 12.600662231445312
gyro -1.9905548095703125 -0.0779876708984375 -0.224884033203125
accel -0.5653533935546875 0.4425201416015625 12.600662231445312
gyro -1.9905548095703125 -0.0779876708984375 -0.224884033203125
accel -0.5653533935546875 0.4425201416015625 12.600662231445312
gyro -1.9905548095703125 -0.0779876708984375 -0.224884033203125
accel -0.5653533935546875 0.4425201416015625 12.600662231445312
gyro -1.6588592529296875 -0.0698394775390625 -0.621124267578125
accel -0.3794097900390625 1.4423065185546875 11.230209350585938
gyro -1.6588592529296875 -0.0698394775390625 -0.621124267578125
accel -0.3794097900390625 1.4423065185546875 11.230209350585938
gyro -1.6588592529296875 -0.0698394775390625 -0.621124267578125
accel -0.3794097900390625 1.4423065185546875 11.230209350585938
gyro -1.24896240234375 -0.0266876220703125 -0.290863037109375
accel -0.2454833984375 1.748748779296875 10.0059814453125
gyro -1.24896240234375 -0.0266876220703125 -0.290863037109375
accel -0.2454833984375 1.748748779296875 10.0059814453125
gyro -1.24896240234375 -0.0266876220703125 -0.290863037109375
accel -0.2454833984375 1.748748779296875 10.0059814453125
gyro -1.24896240234375 -0.0266876220703125 -0.290863037109375
accel 0.187530517578125 0.8261871337890625 8.908660888671875
gyro -0.7450103759765625 -0.0175323486328125 0.0980377197265625
accel 0.187530517578125 0.8261871337890625 8.908660888671875
gyro -0.7450103759765625 -0.0175323486328125 0.0980377197265625
accel 0.187530517578125 0.8261871337890625 8.908660888671875
gyro -0.7450103759765625 -0.0175323486328125 0.0980377197265625
accel 0.16192626953125 -0.441375732421875 8.19732666015625
gyro -0.28564453125 0.015045166015625 0.1631927490234375
accel 0.16192626953125 -0.441375732421875 8.19732666015625
gyro -0.28564453125 0.015045166015625 0.1631927490234375
accel 0.16192626953125 -0.441375732421875 8.19732666015625
gyro -0.28564453125 0.015045166015625 0.1631927490234375
accel 0.16192626953125 -0.441375732421875 8.19732666015625
gyro 0.036865234375 -0.07269287109375 0.726806640625
accel 0.9450836181640625 -1.7792816162109375 7.7872314453125
gyro 0.036865234375 -0.07269287109375 0.726806640625
accel 0.9450836181640625 -1.7792816162109375 7.7872314453125
gyro 0.036865234375 -0.07269287109375 0.726806640625
accel 0.9450836181640625 -1.7792816162109375 7.7872314453125
gyro 0.036865234375 -0.07269287109375 0.726806640625
accel 1.14361572265625 -2.1530303955078125 7.7259368896484375
gyro 0.1409149169921875 -0.06842041015625 0.1340789794921875
accel 1.14361572265625 -2.1530303955078125 7.7259368896484375
gyro 0.1409149169921875 -0.06842041015625 0.1340789794921875
accel 1.14361572265625 -2.1530303955078125 7.7259368896484375
gyro 0.1409149169921875 -0.06842041015625 0.1340789794921875
accel 0.3856048583984375 -1.1992645263671875 8.152175903320312
gyro 0.264312744140625 -0.048065185546875 0.018829345703125
accel 0.3856048583984375 -1.1992645263671875 8.152175903320312
gyro 0.264312744140625 -0.048065185546875 0.018829345703125
accel 0.3856048583984375 -1.1992645263671875 8.152175903320312
gyro 0.264312744140625 -0.048065185546875 0.018829345703125
accel 0.3856048583984375 -1.1992645263671875 8.152175903320312
gyro 0.4874725341796875 0.0408935546875 0.00091552734375
accel -0.2454986572265625 -0.4810333251953125 8.779281616210938
gyro 0.4874725341796875 0.0408935546875 0.00091552734375
accel -0.2454986572265625 -0.4810333251953125 8.779281616210938
gyro 0.4874725341796875 0.0408935546875 0.00091552734375
accel -0.2454986572265625 -0.4810333251953125 8.779281616210938
gyro 0.4874725341796875 0.0408935546875 0.00091552734375
accel 0.027984619140625 -0.6694793701171875 9.455673217773438
gyro 0.871307373046875 0.0419158935546875 0.255218505859375
accel 0.027984619140625 -0.6694793701171875 9.455673217773438
gyro 0.871307373046875 0.0419158935546875 0.255218505859375
accel 0.027984619140625 -0.6694793701171875 9.455673217773438
gyro 0.871307373046875 0.0419158935546875 0.255218505859375
accel 0.1740264892578125 -2.710296630859375 10.330459594726562
gyro 1.31561279296875 0.09423828125 0.3307647705078125
accel 0.1740264892578125 -2.710296630859375 10.330459594726562
gyro 1.31561279296875 0.09423828125 0.3307647705078125
accel 0.1740264892578125 -2.710296630859375 10.330459594726562
gyro 1.31561279296875 0.09423828125 0.3307647705078125
accel 0.1740264892578125 -2.710296630859375 10.330459594726562
gyro 1.44775390625 -0.0340118408203125 0.41912841796875
accel 0.1740264892578125 -2.710296630859375 10.330459594726562
gyro 1.44775390625 -0.0340118408203125 0.41912841796875
accel 0.580474853515625 -4.657135009765625 10.563568115234375
gyro 1.44775390625 -0.0340118408203125 0.41912841796875
accel 0.580474853515625 -4.657135009765625 10.563568115234375
gyro 1.44775390625 -0.0340118408203125 0.41912841796875
accel 0.0333251953125 -5.73858642578125 10.147048950195312
gyro 1.2217254638671875 -0.246795654296875 0.897857666015625
accel 0.0333251953125 -5.73858642578125 10.147048950195312
gyro 1.2217254638671875 -0.246795654296875 0.897857666015625
accel 0.0333251953125 -5.73858642578125 10.147048950195312
gyro 1.2217254638671875 -0.246795654296875 0.897857666015625
accel 0.0333251953125 -5.73858642578125 10.147048950195312
gyro 0.8668212890625 -0.3669281005859375 1.151763916015625
accel 0.5482635498046875 -5.7088775634765625 9.841201782226562
gyro 0.8668212890625 -0.3669281005859375 1.151763916015625
accel 0.5482635498046875 -5.7088775634765625 9.841201782226562
gyro 0.8668212890625 -0.3669281005859375 1.151763916015625
accel 0.5482635498046875 -5.7088775634765625 9.841201782226562
gyro 0.687835693359375 -0.154754638671875 0.1464996337890625
accel 0.5482635498046875 -5.7088775634765625 9.841201782226562
gyro 0.687835693359375 -0.154754638671875 0.1464996337890625
accel 0.4381256103515625 -4.4517059326171875 9.857757568359375
gyro 0.687835693359375 -0.154754638671875 0.1464996337890625
accel 0.4381256103515625 -4.4517059326171875 9.857757568359375
gyro 0.687835693359375 -0.154754638671875 0.1464996337890625
accel 0.4381256103515625 -4.4517059326171875 9.857757568359375
gyro 0.5976409912109375 -0.058441162109375 -0.11126708984375
accel 0.0766754150390625 -3.2981109619140625 9.651840209960938
gyro 0.5976409912109375 -0.058441162109375 -0.11126708984375
accel 0.0766754150390625 -3.2981109619140625 9.651840209960938
gyro 0.5976409912109375 -0.058441162109375 -0.11126708984375
accel 0.0766754150390625 -3.2981109619140625 9.651840209960938
gyro 0.5355377197265625 0.00445556640625 -0.26275634765625
accel 0.3365020751953125 -2.7601470947265625 9.599746704101562
gyro 0.5355377197265625 0.00445556640625 -0.26275634765625
accel 0.3365020751953125 -2.7601470947265625 9.599746704101562
gyro 0.5355377197265625 0.00445556640625 -0.26275634765625
accel 0.3365020751953125 -2.7601470947265625 9.599746704101562
gyro 0.407867431640625 0.028472900390625 -0.3562164306640625
accel 0.3365020751953125 -2.7601470947265625 9.599746704101562
gyro 0.407867431640625 0.028472900390625 -0.3562164306640625
accel 0.9540252685546875 -2.31036376953125 9.4976806640625
gyro 0.407867431640625 0.028472900390625 -0.3562164306640625
accel 0.9540252685546875 -2.31036376953125 9.4976806640625
gyro 0.407867431640625 0.028472900390625 -0.3562164306640625
accel 0.9540252685546875 -2.31036376953125 9.4976806640625
gyro 0.2706146240234375 -0.051727294921875 -0.26947021484375
accel 0.7330169677734375 -1.8517608642578125 9.475204467773438
gyro 0.2706146240234375 -0.051727294921875 -0.26947021484375
accel 0.7330169677734375 -1.8517608642578125 9.475204467773438
gyro 0.2706146240234375 -0.051727294921875 -0.26947021484375
accel 0.7330169677734375 -1.8517608642578125 9.475204467773438
gyro 0.142547607421875 -0.1003875732421875 -0.1196136474609375
accel 0.5427703857421875 -1.30645751953125 9.38714599609375
gyro 0.142547607421875 -0.1003875732421875 -0.1196136474609375
accel 0.5427703857421875 -1.30645751953125 9.38714599609375
gyro 0.142547607421875 -0.1003875732421875 -0.1196136474609375
accel 0.5427703857421875 -1.30645751953125 9.38714599609375
gyro 0.0761566162109375 -0.1400909423828125 0.081329345703125
accel 0.5863037109375 -1.0020294189453125 9.164047241210938
gyro 0.0761566162109375 -0.1400909423828125 0.081329345703125
accel 0.5863037109375 -1.0020294189453125 9.164047241210938
gyro 0.0761566162109375 -0.1400909423828125 0.081329345703125
accel 0.5863037109375 -1.0020294189453125 9.164047241210938
gyro 0.0761566162109375 -0.1400909423828125 0.081329345703125
accel 0.5863037109375 -1.0020294189453125 9.164047241210938
gyro 0.0366668701171875 -0.0731048583984375 -0.1196136474609375
accel 0.533538818359375 -0.9791107177734375 9.1265869140625
gyro 0.0366668701171875 -0.0731048583984375 -0.1196136474609375
accel 0.533538818359375 -0.9791107177734375 9.1265869140625
gyro 0.0366668701171875 -0.0731048583984375 -0.1196136474609375
accel 0.533538818359375 -0.9791107177734375 9.1265869140625
gyro -0.02154541015625 -0.0527496337890625 -0.1356964111328125
accel 0.4744873046875 -0.9154205322265625 9.120452880859375
gyro -0.02154541015625 -0.0527496337890625 -0.1356964111328125
accel 0.4744873046875 -0.9154205322265625 9.120452880859375
gyro -0.02154541015625 -0.0527496337890625 -0.1356964111328125
accel 0.4744873046875 -0.9154205322265625 9.120452880859375
gyro -0.1537017822265625 0.018707275390625 -0.256439208984375
accel 0.4346160888671875 -0.603179931640625 9.095977783203125
gyro -0.1537017822265625 0.018707275390625 -0.256439208984375
accel 0.4346160888671875 -0.603179931640625 9.095977783203125
gyro -0.1537017822265625 0.018707275390625 -0.256439208984375
accel 0.4346160888671875 -0.603179931640625 9.095977783203125
gyro -0.21783447265625 0.077545166015625 -0.193115234375
accel 0.4346160888671875 -0.603179931640625 9.095977783203125
gyro -0.21783447265625 0.077545166015625 -0.193115234375
accel 0.47589111328125 -0.1703033447265625 9.34967041015625
gyro -0.21783447265625 0.077545166015625 -0.193115234375
accel 0.47589111328125 -0.1703033447265625 9.34967041015625
gyro -0.21783447265625 0.077545166015625 -0.193115234375
accel 0.47589111328125 -0.1703033447265625 9.34967041015625
gyro -0.225982666015625 0.126007080078125 -0.2458648681640625
accel 0.3603973388671875 0.2382049560546875 9.59283447265625
gyro -0.225982666015625 0.126007080078125 -0.2458648681640625
accel 0.3603973388671875 0.2382049560546875 9.59283447265625
gyro -0.225982666015625 0.126007080078125 -0.2458648681640625
accel 0.3603973388671875 0.2382049560546875 9.59283447265625
gyro -0.1895294189453125 0.06207275390625 0.052825927734375
accel 0.9455108642578125 0.563262939453125 9.59954833984375
gyro -0.1895294189453125 0.06207275390625 0.052825927734375
accel 0.9455108642578125 0.563262939453125 9.59954833984375
gyro -0.1895294189453125 0.06207275390625 0.052825927734375
accel 0.9455108642578125 0.563262939453125 9.59954833984375
gyro -0.042724609375 0.0498504638671875 -0.1035308837890625
accel 0.9455108642578125 0.563262939453125 9.59954833984375
gyro -0.042724609375 0.0498504638671875 -0.1035308837890625
accel 0.7805023193359375 0.163543701171875 9.434036254882812
gyro -0.042724609375 0.0498504638671875 -0.1035308837890625
accel 0.7805023193359375 0.163543701171875 9.434036254882812
gyro -0.042724609375 0.0498504638671875 -0.1035308837890625
accel 0.7805023193359375 0.163543701171875 9.434036254882812
gyro -0.0510711669921875 0.0325469970703125 -0.0919189453125
accel 0.7159271240234375 0.0136260986328125 9.481155395507812
gyro -0.0510711669921875 0.0325469970703125 -0.0919189453125
accel 0.7159271240234375 0.0136260986328125 9.481155395507812
gyro -0.0510711669921875 0.0325469970703125 -0.0919189453125
accel 0.7159271240234375 0.0136260986328125 9.481155395507812
gyro -0.040283203125 0.0488433837890625 -0.0748138427734375
accel 0.4887542724609375 0.1177825927734375 9.574493408203125
gyro -0.040283203125 0.0488433837890625 -0.0748138427734375
accel 0.4887542724609375 0.1177825927734375 9.574493408203125
gyro -0.040283203125 0.0488433837890625 -0.0748138427734375
accel 0.4887542724609375 0.1177825927734375 9.574493408203125
gyro -0.0349884033203125 0.076324462890625 0.1886444091796875
accel 0.4887542724609375 0.1177825927734375 9.574493408203125
gyro -0.0349884033203125 0.076324462890625 0.1886444091796875
accel 0.5840301513671875 -0.157745361328125 9.569366455078125
gyro -0.0349884033203125 0.076324462890625 0.1886444091796875
accel 0.5840301513671875 -0.157745361328125 9.569366455078125
gyro -0.0150299072265625 0.099334716796875 0.175201416015625
accel 0.5840301513671875 -0.157745361328125 9.569366455078125
gyro -0.0150299072265625 0.099334716796875 0.175201416015625
accel 0.664337158203125 -0.7647247314453125 9.768341064453125
gyro -0.0150299072265625 0.099334716796875 0.175201416015625
accel 0.664337158203125 -0.7647247314453125 9.768341064453125
gyro -0.0150299072265625 0.099334716796875 0.175201416015625
accel 0.664337158203125 -0.7647247314453125 9.768341064453125
gyro -0.11236572265625 0.0219573974609375 0.038787841796875
accel 1.257110595703125 -0.8576812744140625 9.348983764648438
gyro -0.11236572265625 0.0219573974609375 0.038787841796875
accel 1.257110595703125 -0.8576812744140625 9.348983764648438
gyro -0.11236572265625 0.0219573974609375 0.038787841796875
accel 1.257110595703125 -0.8576812744140625 9.348983764648438
gyro -0.2628326416015625 0.0215606689453125 -0.027587890625
accel 0.70086669921875 -0.4067230224609375 9.459716796875
gyro -0.2628326416015625 0.0215606689453125 -0.027587890625
accel 0.70086669921875 -0.4067230224609375 9.459716796875
gyro -0.2628326416015625 0.0215606689453125 -0.027587890625
accel 0.70086669921875 -0.4067230224609375 9.459716796875
gyro -0.2628326416015625 0.0215606689453125 -0.027587890625
accel 0.70086669921875 -0.4067230224609375 9.459716796875
gyro -0.1887054443359375 0.0579986572265625 -0.2774200439453125
accel 0.4830474853515625 -0.2851715087890625 9.442962646484375
gyro -0.1887054443359375 0.0579986572265625 -0.2774200439453125
accel 0.4830474853515625 -0.2851715087890625 9.442962646484375
gyro -0.1887054443359375 0.0579986572265625 -0.2774200439453125
accel 0.4830474853515625 -0.2851715087890625 9.442962646484375
gyro -0.1337432861328125 0.0449676513671875 -0.1263275146484375
accel 0.75616455078125 -0.553192138671875 9.063705444335938
gyro -0.1337432861328125 0.0449676513671875 -0.1263275146484375
accel 0.75616455078125 -0.553192138671875 9.063705444335938
gyro -0.1337432861328125 0.0449676513671875 -0.1263275146484375
accel 0.75616455078125 -0.553192138671875 9.063705444335938
gyro -0.0926055908203125 0.0333709716796875 0.0353240966796875
accel 0.0093536376953125 -0.753143310546875 9.101486206054688
gyro -0.0926055908203125 0.0333709716796875 0.0353240966796875
accel 0.0093536376953125 -0.753143310546875 9.101486206054688
gyro -0.0926055908203125 0.0333709716796875 0.0353240966796875
accel 0.0093536376953125 -0.753143310546875 9.101486206054688
gyro -0.0926055908203125 0.0333709716796875 0.0353240966796875
accel 0.0093536376953125 -0.753143310546875 9.101486206054688
gyro -0.1251983642578125 0.1009674072265625 0.46636962890625
accel 0.421844482421875 -0.6630401611328125 9.008056640625
gyro -0.1251983642578125 0.1009674072265625 0.46636962890625
accel 0.421844482421875 -0.6630401611328125 9.008056640625
gyro -0.1251983642578125 0.1009674072265625 0.46636962890625
accel 0.421844482421875 -0.6630401611328125 9.008056640625
gyro -0.0005950927734375 0.1288604736328125 0.3946990966796875
accel 0.722991943359375 -0.7615814208984375 8.774581909179688
gyro -0.0005950927734375 0.1288604736328125 0.3946990966796875
accel 0.722991943359375 -0.7615814208984375 8.774581909179688
gyro -0.0005950927734375 0.1288604736328125 0.3946990966796875
accel 0.722991943359375 -0.7615814208984375 8.774581909179688
gyro 0.0350341796875 0.1046295166015625 0.2833251953125
accel 0.5453033447265625 -0.82794189453125 9.412506103515625
gyro 0.0350341796875 0.1046295166015625 0.2833251953125
accel 0.5453033447265625 -0.82794189453125 9.412506103515625
gyro 0.0350341796875 0.1046295166015625 0.2833251953125
accel 0.5453033447265625 -0.82794189453125 9.412506103515625
gyro 0.0350341796875 0.1046295166015625 0.2833251953125
accel 0.5453033447265625 -0.82794189453125 9.412506103515625
gyro -0.0134124755859375 0.0341796875 0.496307373046875
accel 0.6123809814453125 -0.5921630859375 10.571578979492188
gyro -0.0134124755859375 0.0341796875 0.496307373046875
accel 0.6123809814453125 -0.5921630859375 10.571578979492188
gyro -0.0134124755859375 0.0341796875 0.496307373046875
accel 0.6123809814453125 -0.5921630859375 10.571578979492188
gyro 0.1832733154296875 -0.0513153076171875 0.0821380615234375
accel -0.231781005859375 -0.8062896728515625 9.429977416992188
gyro 0.1832733154296875 -0.0513153076171875 0.0821380615234375
accel -0.231781005859375 -0.8062896728515625 9.429977416992188
gyro 0.1832733154296875 -0.0513153076171875 0.0821380615234375
accel -0.231781005859375 -0.8062896728515625 9.429977416992188
gyro 0.068023681640625 0.0001678466796875 0.544769287109375
accel -0.101776123046875 -0.878936767578125 9.342849731445312
gyro 0.068023681640625 0.0001678466796875 0.544769287109375
accel -0.101776123046875 -0.878936767578125 9.342849731445312
gyro 0.068023681640625 0.0001678466796875 0.544769287109375
accel -0.101776123046875 -0.878936767578125 9.342849731445312
gyro 0.068023681640625 0.0001678466796875 0.544769287109375
accel -0.101776123046875 -0.878936767578125 9.342849731445312
gyro 0.0087738037109375 0.0480194091796875 0.4622955322265625
accel -0.26983642578125 -0.85089111328125 9.319900512695312
gyro 0.0087738037109375 0.0480194091796875 0.4622955322265625
accel -0.26983642578125 -0.85089111328125 9.319900512695312
gyro 0.0087738037109375 0.0480194091796875 0.4622955322265625
accel -0.26983642578125 -0.85089111328125 9.319900512695312
gyro -0.0665435791015625 0.0852813720703125 0.501800537109375
accel -0.0132904052734375 -0.7763214111328125 9.432693481445312
gyro -0.0665435791015625 0.0852813720703125 0.501800537109375
accel -0.0132904052734375 -0.7763214111328125 9.432693481445312
gyro -0.0665435791015625 0.0852813720703125 0.501800537109375
accel -0.0132904052734375 -0.7763214111328125 9.432693481445312
gyro -0.0671539306640625 0.075927734375 0.1927032470703125
accel 0.2948455810546875 -0.708251953125 9.2874755859375
gyro -0.0671539306640625 0.075927734375 0.1927032470703125
accel 0.2948455810546875 -0.708251953125 9.2874755859375
gyro -0.0671539306640625 0.075927734375 0.1927032470703125
accel 0.2948455810546875 -0.708251953125 9.2874755859375
gyro -0.0671539306640625 0.075927734375 0.1927032470703125
accel 0.03521728515625 -0.5958099365234375 9.045379638671875
gyro -0.0288848876953125 0.0628814697265625 -0.063629150390625
accel 0.03521728515625 -0.5958099365234375 9.045379638671875
gyro -0.0288848876953125 0.0628814697265625 -0.063629150390625
accel 0.03521728515625 -0.5958099365234375 9.045379638671875
gyro -0.0288848876953125 0.0628814697265625 -0.063629150390625
accel 0.03521728515625 -0.5958099365234375 9.045379638671875
gyro -0.0243988037109375 0.06268310546875 0.0817413330078125
accel -0.1512908935546875 -0.3816375732421875 9.333099365234375
gyro -0.0243988037109375 0.06268310546875 0.0817413330078125
accel -0.1512908935546875 -0.3816375732421875 9.333099365234375
gyro -0.0243988037109375 0.06268310546875 0.0817413330078125
accel -0.1512908935546875 -0.3816375732421875 9.333099365234375
gyro 0.055999755859375 0.070831298828125 -0.020050048828125
accel 0.024993896484375 -0.3704986572265625 9.458038330078125
gyro 0.055999755859375 0.070831298828125 -0.020050048828125
accel 0.024993896484375 -0.3704986572265625 9.458038330078125
gyro 0.055999755859375 0.070831298828125 -0.020050048828125
accel 0.024993896484375 -0.3704986572265625 9.458038330078125
gyro 0.055999755859375 0.070831298828125 -0.020050048828125
accel -0.139373779296875 -0.7108306884765625 9.139419555664062
gyro 0.0948944091796875 0.0765228271484375 0.094573974609375
accel -0.139373779296875 -0.7108306884765625 9.139419555664062
gyro 0.0948944091796875 0.0765228271484375 0.094573974609375
accel -0.139373779296875 -0.7108306884765625 9.139419555664062
gyro 0.0948944091796875 0.0765228271484375 0.094573974609375
accel -0.139373779296875 -0.7108306884765625 9.139419555664062
gyro 0.0447998046875 0.0753021240234375 0.1470947265625
accel 0.1082763671875 -0.7831573486328125 9.242889404296875
gyro 0.0447998046875 0.0753021240234375 0.1470947265625
accel 0.1082763671875 -0.7831573486328125 9.242889404296875
gyro 0.0447998046875 0.0753021240234375 0.1470947265625
accel 0.1082763671875 -0.7831573486328125 9.242889404296875
gyro 0.0619049072265625 0.0753021240234375 -0.0784912109375
accel -0.0935821533203125 -0.724578857421875 9.27569580078125
gyro 0.0619049072265625 0.0753021240234375 -0.0784912109375
accel -0.0935821533203125 -0.724578857421875 9.27569580078125
gyro 0.0619049072265625 0.0753021240234375 -0.0784912109375
accel -0.0935821533203125 -0.724578857421875 9.27569580078125
gyro 0.0619049072265625 0.0753021240234375 -0.0784912109375
accel -0.3260345458984375 -0.645263671875 9.478118896484375
